0 0.05 -0.1 0 0 0 0
0 0.05 -0.1 0 0 0 0
-0.00384684 0.0982255 -0.09311 -0.101687 -0.0123214 0.0533181 0.00511304
-0.00510584 0.113886 -0.093263 -0.13481 -0.0122828 0.0707335 0.00506923
-0.0063815 0.129685 -0.0934398 -0.168277 -0.0122531 0.0883528 0.00502892
-0.00763818 0.145173 -0.0936377 -0.201139 -0.012228 0.105679 0.00499091
-0.0089009 0.160658 -0.0938581 -0.234045 -0.01221 0.123053 0.00495526
-0.0101565 0.175972 -0.094099 -0.266643 -0.0121973 0.140289 0.00492125
-0.0114025 0.191082 -0.0943593 -0.298862 -0.0121895 0.157352 0.00488829
-0.0126521 0.206149 -0.0946401 -0.331042 -0.012188 0.174418 0.0048563
-0.0138972 0.221068 -0.0949395 -0.362966 -0.0121917 0.191375 0.00482455
-0.0151385 0.23585 -0.095257 -0.394651 -0.0122006 0.208232 0.00479254
-0.0163766 0.250498 -0.0955919 -0.426108 -0.0122144 0.224994 0.00475979
-0.0176088 0.26498 -0.0959429 -0.45727 -0.0122328 0.241627 0.00472568
-0.0188419 0.279378 -0.0963109 -0.488307 -0.0122566 0.25822 0.00468998
-0.0200717 0.29364 -0.0966943 -0.519113 -0.0122852 0.274718 0.00465204
-0.0212983 0.307767 -0.0970924 -0.549691 -0.0123184 0.291123 0.00461137
-0.0225216 0.321761 -0.0975047 -0.580044 -0.0123561 0.307435 0.00456751
-0.0237417 0.335623 -0.0979305 -0.610172 -0.0123984 0.323657 0.00451999
-0.0249584 0.349351 -0.0983691 -0.640077 -0.0124451 0.339789 0.0044684
-0.0261716 0.362946 -0.09882 -0.669758 -0.0124961 0.35583 0.00441231
-0.027381 0.376407 -0.0992826 -0.699215 -0.0125514 0.371782 0.00435132
-0.0285852 0.38972 -0.0997557 -0.728418 -0.0126107 0.387627 0.00428503
-0.0297867 0.402915 -0.10024 -0.757432 -0.0126745 0.403402 0.00421318
-0.0309835 0.415974 -0.100734 -0.786217 -0.0127424 0.419085 0.00413539
-0.0321754 0.428895 -0.101237 -0.814773 -0.0128144 0.434677 0.00405138
-0.0333621 0.441679 -0.101749 -0.843099 -0.0128904 0.450177 0.00396087
-0.0345432 0.454324 -0.10227 -0.871194 -0.0129703 0.465585 0.00386362
-0.0357183 0.466829 -0.102798 -0.899057 -0.0130542 0.480901 0.00375944
-0.0368871 0.479194 -0.103333 -0.926687 -0.013142 0.496125 0.00364814
-0.0380492 0.491417 -0.103875 -0.954081 -0.0132336 0.511255 0.00352958
-0.039204 0.503499 -0.104423 -0.981238 -0.0133291 0.526292 0.00340362
-0.0403513 0.515436 -0.104976 -1.00816 -0.0134283 0.541234 0.00327019
-0.0414906 0.527229 -0.105535 -1.03483 -0.0135313 0.556081 0.00312922
-0.0426213 0.538875 -0.106099 -1.06127 -0.013638 0.570833 0.00298067
-0.0437431 0.550375 -0.106666 -1.08746 -0.0137483 0.585488 0.00282455
-0.0448555 0.561726 -0.107238 -1.11341 -0.0138624 0.600045 0.00266086
-0.0459575 0.572921 -0.107813 -1.13909 -0.0139798 0.614496 0.0024897
-0.0470497 0.583972 -0.108391 -1.16453 -0.014101 0.628856 0.00231107
-0.0481311 0.59487 -0.108971 -1.18972 -0.0142258 0.643115 0.0021251
-0.0492012 0.605614 -0.109553 -1.21466 -0.014354 0.657272 0.00193193
-0.0502595 0.616202 -0.110137 -1.23933 -0.0144857 0.671326 0.0017317
-0.0513055 0.626634 -0.110723 -1.26374 -0.0146208 0.685275 0.00152458
-0.0523387 0.636907 -0.111309 -1.28788 -0.0147593 0.699117 0.00131078
-0.0533588 0.647019 -0.111895 -1.31176 -0.014901 0.712851 0.0010905
-0.0543651 0.656971 -0.112482 -1.33536 -0.015046 0.726476 0.000863979
-0.0553574 0.666758 -0.113068 -1.35869 -0.0151942 0.73999 0.000631483
-0.056335 0.676382 -0.113653 -1.38174 -0.0153456 0.75339 0.000393284
-0.0572975 0.685839 -0.114237 -1.40451 -0.0155 0.766675 0.000149677
-0.0582446 0.695128 -0.11482 -1.42699 -0.0156573 0.779843 -9.90286e-05
-0.0591758 0.704247 -0.1154 -1.44918 -0.0158175 0.792891 -0.000352506
-0.0600907 0.713196 -0.115979 -1.47108 -0.0159806 0.805818 -0.000610413
-0.0609888 0.721972 -0.116554 -1.49267 -0.0161463 0.81862 -0.000872395
-0.0618698 0.730573 -0.117126 -1.51397 -0.0163147 0.831294 -0.00113808
-0.0627333 0.738999 -0.117694 -1.53496 -0.0164855 0.843839 -0.0014071
-0.0635789 0.747249 -0.118259 -1.55564 -0.0166587 0.856251 -0.00167905
-0.0644063 0.755319 -0.118819 -1.576 -0.0168341 0.868526 -0.00195353
-0.0652152 0.763209 -0.119375 -1.59604 -0.0170116 0.880663 -0.00223013
-0.0660052 0.770918 -0.119925 -1.61576 -0.0171911 0.892656 -0.00250845
-0.066776 0.778445 -0.120469 -1.63515 -0.0173723 0.904503 -0.00278804
-0.0675275 0.785787 -0.121008 -1.6542 -0.0175551 0.9162 -0.00306849
-0.0682592 0.792944 -0.12154 -1.67291 -0.0177393 0.927742 -0.00334935
-0.0689711 0.799915 -0.122066 -1.69128 -0.0179247 0.939126 -0.00363019
-0.0696628 0.806699 -0.122584 -1.70929 -0.0181112 0.950346 -0.00391056
-0.0703343 0.813294 -0.123095 -1.72695 -0.0182984 0.961398 -0.00419003
-0.0709853 0.8197 -0.123598 -1.74424 -0.0184862 0.972277 -0.00446815
-0.0716157 0.825917 -0.124092 -1.76117 -0.0186743 0.982978 -0.00474447
-0.0722255 0.831942 -0.124578 -1.77772 -0.0188624 0.993496 -0.00501855
-0.0728144 0.837777 -0.125054 -1.79389 -0.0190504 1.00382 -0.00528996
-0.0733826 0.84342 -0.125521 -1.80967 -0.0192378 1.01396 -0.00555825
-0.0739299 0.848871 -0.125977 -1.82506 -0.0194245 1.02389 -0.005823
-0.0744563 0.854131 -0.126424 -1.84004 -0.0196101 1.03361 -0.00608376
-0.0749619 0.859198 -0.126859 -1.85462 -0.0197942 1.04312 -0.00634013
-0.0754467 0.864073 -0.127284 -1.86879 -0.0199767 1.05241 -0.00659168
-0.0759108 0.868757 -0.127697 -1.88253 -0.020157 1.06146 -0.006838
-0.0763543 0.873248 -0.128098 -1.89584 -0.020335 1.07028 -0.00707869
-0.0767773 0.877548 -0.128486 -1.90872 -0.02051 1.07886 -0.00731333
-0.0771801 0.881659 -0.128862 -1.92115 -0.020682 1.08718 -0.00754159
-0.0775628 0.885579 -0.129225 -1.93313 -0.0208505 1.09524 -0.00776307
-0.0779255 0.889311 -0.129575 -1.94465 -0.0210151 1.10303 -0.00797738
-0.0782685 0.892855 -0.129911 -1.95571 -0.0211754 1.11054 -0.00818419
-0.078592 0.896211 -0.130232 -1.96629 -0.0213311 1.11776 -0.00838313
-0.0788962 0.899381 -0.13054 -1.97638 -0.0214816 1.12468 -0.00857387
-0.0791815 0.902367 -0.130832 -1.98598 -0.0216267 1.13129 -0.00875608
-0.079448 0.905168 -0.131109 -1.99507 -0.0217658 1.13759 -0.00892943
-0.0796961 0.907787 -0.131371 -2.00366 -0.0218987 1.14356 -0.00909362
-0.0799261 0.910224 -0.131617 -2.01172 -0.022025 1.14918 -0.00924834
-0.0801381 0.91248 -0.131847 -2.01926 -0.0221441 1.15446 -0.00939329
-0.0803324 0.914556 -0.132061 -2.02625 -0.0222557 1.15938 -0.00952819
-0.0805093 0.916453 -0.132257 -2.03269 -0.0223595 1.16393 -0.00965276
-0.080669 0.918172 -0.132437 -2.03858 -0.022455 1.16809 -0.00976671
-0.0808117 0.919713 -0.132599 -2.04389 -0.0225419 1.17187 -0.00986979
-0.0809375 0.921077 -0.132743 -2.04862 -0.0226198 1.17523 -0.00996171
-0.0810466 0.922263 -0.132869 -2.05276 -0.0226883 1.17819 -0.0100422
-0.0811391 0.92327 -0.132977 -2.05629 -0.0227471 1.18072 -0.0101111
-0.081215 0.924098 -0.133066 -2.05921 -0.0227959 1.18281 -0.010168
-0.0812742 0.924747 -0.133136 -2.06151 -0.0228343 1.18445 -0.0102127
-0.0812742 0.924747 -0.133136 -2.06151 -0.0228343 1.18445 -0.0102127
-0.0813425 0.925495 -0.133217 -2.06416 -0.022879 1.18636 -0.0102645
-0.0813425 0.925495 -0.133217 -2.06416 -0.022879 1.18636 -0.0102645
-0.0813425 0.925495 -0.133217 -2.06416 -0.022879 1.18636 -0.0102645
-0.0813425 0.925495 -0.133217 -2.06416 -0.022879 1.18636 -0.0102645
-0.0798369 0.924991 -0.133546 -2.06538 -0.0247042 1.18822 -0.00928235
-0.0786767 0.924529 -0.133791 -2.06604 -0.026097 1.18945 -0.00852771
-0.0771996 0.923939 -0.134105 -2.06689 -0.0278686 1.19103 -0.00757061
-0.0754119 0.923219 -0.134486 -2.0679 -0.0300105 1.19293 -0.00641771
-0.0733197 0.922371 -0.134934 -2.06908 -0.0325139 1.19516 -0.00507604
-0.0709292 0.921393 -0.135449 -2.07041 -0.03537 1.1977 -0.00355301
-0.0682463 0.920285 -0.136031 -2.07188 -0.0385699 1.20054 -0.0018563
-0.0652771 0.919046 -0.13668 -2.07348 -0.0421048 1.20369 6.12304e-06
-0.0620274 0.917673 -0.137396 -2.0752 -0.0459657 1.20713 0.00202606
-0.0585032 0.916167 -0.13818 -2.07704 -0.0501436 1.21086 0.00419511
-0.0547102 0.914523 -0.13903 -2.07898 -0.0546296 1.21486 0.00650482
-0.0506546 0.912743 -0.139948 -2.081 -0.0594144 1.21913 0.00894632
-0.046342 0.910822 -0.140934 -2.08311 -0.064489 1.22367 0.0115109
-0.0417784 0.90876 -0.141989 -2.08528 -0.0698442 1.22845 0.0141899
-0.0369697 0.906554 -0.143111 -2.0875 -0.0754709 1.23348 0.0169742
-0.0319219 0.904202 -0.144303 -2.08977 -0.0813599 1.23875 0.0198552
-0.0266409 0.901703 -0.145563 -2.09206 -0.087502 1.24425 0.022824
-0.0211329 0.899055 -0.146892 -2.09437 -0.093888 1.24996 0.025872
-0.0154039 0.896256 -0.14829 -2.09668 -0.100509 1.25588 0.0289904
-0.00946031 0.893305 -0.149758 -2.09899 -0.107354 1.26201 0.032171
-0.00330839 0.890201 -0.151294 -2.10127 -0.114416 1.26832 0.0354054
0.00304539 0.886943 -0.152899 -2.10353 -0.121685 1.27482 0.0386856
0.00959446 0.88353 -0.154573 -2.10573 -0.12915 1.28148 0.0420038
0.0163321 0.879962 -0.156314 -2.10789 -0.136804 1.28831 0.0453523
0.0232516 0.876239 -0.158124 -2.10997 -0.144636 1.29528 0.048724
0.0303458 0.872361 -0.16 -2.11197 -0.152637 1.30239 0.0521118
0.0376078 0.868329 -0.161942 -2.11388 -0.160797 1.30964 0.0555092
0.0450302 0.864144 -0.163949 -2.11569 -0.169107 1.31699 0.05891
0.0526057 0.859808 -0.16602 -2.11739 -0.177556 1.32446 0.0623083
0.0603266 0.855322 -0.168153 -2.11896 -0.186137 1.33202 0.0656986
0.0681854 0.850689 -0.170348 -2.1204 -0.194837 1.33966 0.0690759
0.076174 0.845911 -0.172603 -2.1217 -0.203649 1.34736 0.0724356
0.0842846 0.840992 -0.174916 -2.12285 -0.212562 1.35513 0.0757735
0.0925091 0.835934 -0.177284 -2.12385 -0.221565 1.36295 0.0790859
0.100839 0.830743 -0.179707 -2.12467 -0.23065 1.3708 0.0823695
0.109266 0.825422 -0.182182 -2.12532 -0.239806 1.37867 0.0856214
0.117782 0.819977 -0.184707 -2.1258 -0.249022 1.38655 0.0888393
0.126378 0.814411 -0.187278 -2.12608 -0.25829 1.39444 0.0920212
0.135045 0.808731 -0.189894 -2.12618 -0.267598 1.40231 0.0951654
0.143775 0.802943 -0.192552 -2.12608 -0.276937 1.41015 0.098271
0.152559 0.797051 -0.195249 -2.12578 -0.286297 1.41796 0.101337
0.161387 0.791064 -0.197982 -2.12528 -0.295667 1.42573 0.104363
0.170252 0.784987 -0.200747 -2.12458 -0.305037 1.43344 0.107349
0.179144 0.778827 -0.203542 -2.12366 -0.314397 1.44108 0.110296
0.188054 0.772592 -0.206363 -2.12254 -0.323738 1.44864 0.113203
0.196974 0.766289 -0.209208 -2.12121 -0.333049 1.45612 0.116072
0.205894 0.759924 -0.212071 -2.11967 -0.34232 1.4635 0.118903
0.214806 0.753507 -0.21495 -2.11793 -0.351542 1.47078 0.121698
0.223702 0.747043 -0.217842 -2.11598 -0.360705 1.47795 0.124459
0.232572 0.740542 -0.220741 -2.11382 -0.369799 1.48499 0.127185
0.241409 0.73401 -0.223646 -2.11147 -0.378817 1.49191 0.12988
0.250204 0.727457 -0.226552 -2.10892 -0.387747 1.4987 0.132544
0.258948 0.720889 -0.229454 -2.10618 -0.396583 1.50535 0.13518
0.267634 0.714314 -0.232351 -2.10325 -0.405314 1.51185 0.137787
0.276255 0.707741 -0.235237 -2.10014 -0.413934 1.5182 0.140369
0.284801 0.701177 -0.238109 -2.09686 -0.422433 1.5244 0.142926
0.293267 0.694629 -0.240963 -2.09341 -0.430805 1.53044 0.145459
0.301644 0.688106 -0.243796 -2.0898 -0.439043 1.53631 0.14797
0.309925 0.681615 -0.246604 -2.08604 -0.447138 1.54203 0.150459
0.318103 0.675164 -0.249384 -2.08214 -0.455085 1.54757 0.152927
0.326172 0.668759 -0.252132 -2.07811 -0.462878 1.55295 0.155375
0.334125 0.662409 -0.254844 -2.07395 -0.47051 1.55816 0.157802
0.341955 0.65612 -0.257518 -2.06969 -0.477976 1.5632 0.160209
0.349656 0.6499 -0.260151 -2.06531 -0.485272 1.56806 0.162595
0.357222 0.643756 -0.262739 -2.06085 -0.492391 1.57276 0.16496
0.364648 0.637694 -0.265279 -2.05631 -0.499331 1.57728 0.167303
0.371926 0.631723 -0.267769 -2.0517 -0.506087 1.58164 0.169623
0.379052 0.625847 -0.270205 -2.04704 -0.512655 1.58582 0.171918
0.38602 0.620073 -0.272586 -2.04234 -0.519032 1.58983 0.174188
0.392824 0.614409 -0.274909 -2.0376 -0.525215 1.59368 0.176429
0.399459 0.608861 -0.277172 -2.03285 -0.531202 1.59737 0.178641
0.405921 0.603435 -0.279372 -2.02809 -0.536989 1.60089 0.18082
0.412203 0.598138 -0.281507 -2.02335 -0.542576 1.60424 0.182964
0.4183 0.592975 -0.283576 -2.01863 -0.547959 1.60744 0.18507
0.424208 0.587954 -0.285576 -2.01394 -0.553138 1.61049 0.187136
0.429922 0.583079 -0.287507 -2.00931 -0.558111 1.61338 0.189157
0.435436 0.578358 -0.289365 -2.00474 -0.562877 1.61611 0.191132
0.440746 0.573797 -0.29115 -2.00026 -0.567434 1.6187 0.193055
0.445847 0.5694 -0.29286 -1.99586 -0.571781 1.62115 0.194924
0.450733 0.565176 -0.294495 -1.99158 -0.575918 1.62345 0.196734
0.455401 0.561128 -0.296051 -1.98741 -0.579844 1.62561 0.198482
0.459845 0.557264 -0.297529 -1.98338 -0.583558 1.62763 0.200163
0.46406 0.553588 -0.298927 -1.9795 -0.587059 1.62952 0.201774
0.468041 0.550108 -0.300244 -1.97579 -0.590346 1.63128 0.203311
0.471783 0.546829 -0.301478 -1.97225 -0.593418 1.63291 0.204768
0.475282 0.543756 -0.30263 -1.9689 -0.596275 1.63441 0.206142
0.478532 0.540896 -0.303696 -1.96575 -0.598915 1.63578 0.207429
0.481528 0.538255 -0.304677 -1.96282 -0.601337 1.63703 0.208624
0.484265 0.535838 -0.305571 -1.96012 -0.60354 1.63816 0.209724
0.486737 0.53365 -0.306377 -1.95765 -0.605522 1.63917 0.210723
0.48894 0.531699 -0.307094 -1.95544 -0.607281 1.64006 0.211619
0.490867 0.529989 -0.30772 -1.95349 -0.608815 1.64083 0.212406
0.492514 0.528527 -0.308254 -1.95182 -0.610122 1.64149 0.213082
0.493875 0.527317 -0.308694 -1.95043 -0.611199 1.64202 0.213643
0.494943 0.526367 -0.30904 -1.94934 -0.612043 1.64244 0.214085
0.494943 0.526367 -0.30904 -1.94934 -0.612043 1.64244 0.214085
0.496181 0.525265 -0.30944 -1.94806 -0.61302 1.64293 0.214598
0.496181 0.525265 -0.30944 -1.94806 -0.61302 1.64293 0.214598
0.496181 0.525265 -0.30944 -1.94806 -0.61302 1.64293 0.214598
0.496181 0.525265 -0.30944 -1.94806 -0.61302 1.64293 0.214598
0.496181 0.525265 -0.30944 -1.94806 -0.61302 1.64293 0.214598
0.496181 0.525265 -0.30944 -1.94806 -0.61302 1.64293 0.214598
0.495739 0.524951 -0.309018 -1.94605 -0.612305 1.64118 0.215302
0.495739 0.524951 -0.309018 -1.94605 -0.612305 1.64118 0.215302
0.495181 0.524786 -0.308578 -1.94432 -0.611526 1.63949 0.215896
0.495181 0.524786 -0.308578 -1.94432 -0.611526 1.63949 0.215896
0.494455 0.524566 -0.308006 -1.94205 -0.610513 1.63729 0.21667
0.494033 0.524435 -0.307672 -1.94073 -0.609924 1.63601 0.217121
0.493572 0.52429 -0.307308 -1.93927 -0.609282 1.6346 0.217614
0.493073 0.524131 -0.306914 -1.9377 -0.608589 1.63308 0.218146
0.492539 0.523958 -0.306492 -1.93601 -0.607847 1.63145 0.218716
0.491971 0.52377 -0.306043 -1.9342 -0.607057 1.6297 0.219324
0.491369 0.523567 -0.305567 -1.93227 -0.606223 1.62785 0.219968
0.490735 0.523349 -0.305066 -1.93024 -0.605345 1.62589 0.220646
0.49007 0.523116 -0.304539 -1.92809 -0.604425 1.62383 0.221357
0.489376 0.522867 -0.30399 -1.92583 -0.603467 1.62167 0.222101
0.488654 0.522602 -0.303418 -1.92347 -0.60247 1.61942 0.222875
0.487904 0.522321 -0.302824 -1.92101 -0.601438 1.61707 0.223679
0.48713 0.522024 -0.302209 -1.91845 -0.600373 1.61464 0.224511
0.48633 0.52171 -0.301575 -1.91579 -0.599276 1.61212 0.22537
0.485508 0.521379 -0.300922 -1.91304 -0.598149 1.60951 0.226254
0.484664 0.521032 -0.300251 -1.91019 -0.596995 1.60683 0.227163
0.4838 0.520666 -0.299564 -1.90725 -0.595814 1.60406 0.228095
0.482916 0.520284 -0.29886 -1.90423 -0.594609 1.60123 0.229048
0.482014 0.519883 -0.298142 -1.90112 -0.593383 1.59832 0.230023
0.481095 0.519465 -0.297409 -1.89793 -0.592135 1.59534 0.231016
0.480161 0.519029 -0.296664 -1.89466 -0.590869 1.5923 0.232028
0.479212 0.518574 -0.295906 -1.89132 -0.589587 1.58919 0.233057
0.47825 0.518102 -0.295137 -1.8879 -0.588289 1.58603 0.234102
0.477276 0.517611 -0.294358 -1.8844 -0.586978 1.58281 0.235162
0.476291 0.517101 -0.293569 -1.88084 -0.585655 1.57953 0.236235
0.475296 0.516573 -0.292772 -1.87721 -0.584322 1.57621 0.237321
0.474293 0.516027 -0.291966 -1.87352 -0.582981 1.57284 0.238418
0.473282 0.515463 -0.291154 -1.86977 -0.581632 1.56942 0.239526
0.472265 0.51488 -0.290336 -1.86596 -0.580279 1.56596 0.240643
0.471242 0.514279 -0.289512 -1.8621 -0.578922 1.56246 0.241768
0.470215 0.513661 -0.288684 -1.85818 -0.577562 1.55893 0.242901
0.469185 0.513024 -0.287852 -1.85422 -0.576201 1.55536 0.24404
0.468152 0.51237 -0.287017 -1.85021 -0.574841 1.55177 0.245184
0.467118 0.511699 -0.28618 -1.84615 -0.573483 1.54814 0.246332
0.466083 0.511011 -0.285341 -1.84206 -0.572128 1.5445 0.247484
0.465049 0.510306 -0.284502 -1.83793 -0.570778 1.54083 0.248638
0.464017 0.509585 -0.283662 -1.83376 -0.569433 1.53714 0.249794
0.462987 0.508849 -0.282824 -1.82956 -0.568095 1.53344 0.250951
0.46196 0.508097 -0.281986 -1.82534 -0.566765 1.52973 0.252107
0.460937 0.50733 -0.281151 -1.82109 -0.565444 1.52601 0.253262
0.45992 0.506549 -0.280319 -1.81682 -0.564133 1.52228 0.254415
0.458907 0.505754 -0.27949 -1.81253 -0.562834 1.51855 0.255565
0.457902 0.504946 -0.278664 -1.80823 -0.561547 1.51481 0.256711
0.456904 0.504126 -0.277844 -1.80392 -0.560273 1.51108 0.257853
0.455914 0.503294 -0.277029 -1.7996 -0.559013 1.50736 0.25899
0.454932 0.502452 -0.276219 -1.79527 -0.557768 1.50364 0.26012
0.45396 0.501599 -0.275416 -1.79095 -0.55654 1.49994 0.261244
0.452999 0.500737 -0.27462 -1.78662 -0.555328 1.49625 0.26236
0.452048 0.499866 -0.273832 -1.78231 -0.554133 1.49258 0.263467
0.451108 0.498988 -0.273052 -1.778 -0.552957 1.48892 0.264565
0.450181 0.498104 -0.27228 -1.77371 -0.551799 1.48529 0.265654
0.449267 0.497214 -0.271518 -1.76944 -0.550661 1.48169 0.266731
0.448366 0.496319 -0.270766 -1.76519 -0.549544 1.47812 0.267797
0.447479 0.495422 -0.270023 -1.76096 -0.548447 1.47457 0.268851
0.446606 0.494521 -0.269292 -1.75676 -0.547372 1.47107 0.269892
0.445748 0.49362 -0.268572 -1.7526 -0.546319 1.4676 0.270919
0.444906 0.492718 -0.267863 -1.74848 -0.545288 1.46417 0.271931
0.444081 0.491818 -0.267167 -1.74439 -0.544281 1.46079 0.272929
0.443271 0.49092 -0.266484 -1.74036 -0.543297 1.45745 0.27391
0.442479 0.490025 -0.265814 -1.73637 -0.542337 1.45416 0.274875
0.441705 0.489136 -0.265157 -1.73243 -0.541401 1.45093 0.275822
0.440948 0.488253 -0.264515 -1.72856 -0.54049 1.44775 0.276751
0.44021 0.487377 -0.263887 -1.72474 -0.539605 1.44464 0.277662
0.439491 0.486511 -0.263274 -1.72099 -0.538745 1.44158 0.278552
0.438791 0.485655 -0.262676 -1.71732 -0.537911 1.43859 0.279422
0.438111 0.48481 -0.262095 -1.71372 -0.537103 1.43566 0.280271
0.437452 0.483979 -0.26153 -1.71019 -0.536322 1.43281 0.281099
0.436813 0.483163 -0.260981 -1.70676 -0.535567 1.43003 0.281903
0.436195 0.482362 -0.26045 -1.70341 -0.53484 1.42733 0.282684
0.435599 0.481579 -0.259937 -1.70015 -0.53414 1.42471 0.283441
0.435024 0.480816 -0.259441 -1.69699 -0.533468 1.42218 0.284173
0.434472 0.480073 -0.258964 -1.69393 -0.532824 1.41973 0.284879
0.433943 0.479352 -0.258506 -1.69098 -0.532208 1.41736 0.285559
0.433436 0.478655 -0.258067 -1.68814 -0.53162 1.4151 0.286212
0.432954 0.477982 -0.257648 -1.68541 -0.531062 1.41292 0.286836
0.432495 0.477337 -0.257249 -1.68281 -0.530532 1.41085 0.287431
0.43206 0.47672 -0.256871 -1.68032 -0.530032 1.40888 0.287997
0.43165 0.476132 -0.256513 -1.67797 -0.529561 1.40701 0.288533
0.431265 0.475576 -0.256178 -1.67575 -0.52912 1.40525 0.289037
0.430906 0.475052 -0.255864 -1.67367 -0.528709 1.4036 0.289508
0.430572 0.474562 -0.255572 -1.67172 -0.528329 1.40207 0.289947
0.430266 0.474109 -0.255304 -1.66993 -0.527979 1.40065 0.290352
0.429985 0.473692 -0.255058 -1.66828 -0.527661 1.39936 0.290723
0.429985 0.473692 -0.255058 -1.66828 -0.527661 1.39936 0.290723
0.429508 0.472975 -0.254639 -1.66547 -0.527119 1.39714 0.291357
0.429508 0.472975 -0.254639 -1.66547 -0.527119 1.39714 0.291357
0.429143 0.472422 -0.254319 -1.6633 -0.526706 1.39544 0.291843
0.429143 0.472422 -0.254319 -1.6633 -0.526706 1.39544 0.291843
0.429143 0.472422 -0.254319 -1.6633 -0.526706 1.39544 0.291843
0.428817 0.471924 -0.254032 -1.66136 -0.526338 1.39391 0.292278
0.428817 0.471924 -0.254032 -1.66136 -0.526338 1.39391 0.292278
0.428817 0.471924 -0.254032 -1.66136 -0.526338 1.39391 0.292278
0.428817 0.471924 -0.254032 -1.66136 -0.526338 1.39391 0.292278
0.428817 0.471924 -0.254032 -1.66136 -0.526338 1.39391 0.292278
0.428817 0.471924 -0.254032 -1.66136 -0.526338 1.39391 0.292278
0.428817 0.471924 -0.254032 -1.66136 -0.526338 1.39391 0.292278
0.429143 0.472421 -0.254319 -1.6633 -0.526707 1.39543 0.291843
0.429143 0.472421 -0.254319 -1.6633 -0.526707 1.39543 0.291843
0.429508 0.472974 -0.254639 -1.66546 -0.527119 1.39714 0.291358
0.429508 0.472974 -0.254639 -1.66546 -0.527119 1.39714 0.291358
0.429986 0.473691 -0.255058 -1.66828 -0.527661 1.39935 0.290724
0.430266 0.474108 -0.255304 -1.66993 -0.527979 1.40065 0.290353
0.430573 0.474562 -0.255572 -1.67172 -0.528329 1.40207 0.289948
0.430906 0.475051 -0.255864 -1.67366 -0.528709 1.4036 0.289509
0.431265 0.475575 -0.256178 -1.67575 -0.52912 1.40525 0.289037
0.43165 0.476131 -0.256514 -1.67797 -0.529561 1.40701 0.288533
0.43206 0.476719 -0.256871 -1.68032 -0.530032 1.40888 0.287998
0.432495 0.477336 -0.257249 -1.6828 -0.530532 1.41085 0.287432
0.432954 0.477981 -0.257648 -1.68541 -0.531061 1.41292 0.286837
0.433436 0.478653 -0.258067 -1.68814 -0.53162 1.4151 0.286213
0.433943 0.479351 -0.258506 -1.69098 -0.532208 1.41736 0.28556
0.434472 0.480071 -0.258965 -1.69393 -0.532824 1.41972 0.284881
0.435024 0.480814 -0.259442 -1.69699 -0.533468 1.42218 0.284174
0.435599 0.481578 -0.259937 -1.70015 -0.53414 1.42471 0.283443
0.436195 0.482361 -0.260451 -1.7034 -0.53484 1.42733 0.282686
0.436813 0.483161 -0.260982 -1.70675 -0.535567 1.43003 0.281905
0.437451 0.483978 -0.261531 -1.71019 -0.536321 1.43281 0.2811
0.438111 0.484809 -0.262096 -1.71371 -0.537103 1.43566 0.280273
0.438791 0.485653 -0.262678 -1.71732 -0.53791 1.43859 0.279424
0.43949 0.486509 -0.263275 -1.72099 -0.538745 1.44158 0.278554
0.440209 0.487376 -0.263888 -1.72474 -0.539604 1.44463 0.277663
0.440947 0.488251 -0.264516 -1.72855 -0.54049 1.44775 0.276753
0.441704 0.489134 -0.265159 -1.73243 -0.541401 1.45093 0.275824
0.442478 0.490024 -0.265815 -1.73636 -0.542336 1.45416 0.274877
0.44327 0.490918 -0.266486 -1.74035 -0.543296 1.45745 0.273912
0.44408 0.491816 -0.267169 -1.74439 -0.54428 1.46079 0.272931
0.444905 0.492717 -0.267866 -1.74847 -0.545288 1.46417 0.271934
0.445747 0.493618 -0.268574 -1.7526 -0.546318 1.4676 0.270921
0.446605 0.494519 -0.269295 -1.75676 -0.547371 1.47107 0.269894
0.447477 0.49542 -0.270026 -1.76096 -0.548446 1.47457 0.268854
0.448364 0.496318 -0.270769 -1.76518 -0.549543 1.47812 0.2678
0.449265 0.497212 -0.271521 -1.76944 -0.55066 1.48169 0.266734
0.450179 0.498102 -0.272284 -1.77371 -0.551798 1.48529 0.265657
0.451107 0.498987 -0.273056 -1.778 -0.552955 1.48892 0.264569
0.452046 0.499864 -0.273836 -1.7823 -0.554132 1.49258 0.263471
0.452996 0.500735 -0.274624 -1.78662 -0.555326 1.49625 0.262363
0.453958 0.501597 -0.275421 -1.79094 -0.556538 1.49994 0.261248
0.45493 0.50245 -0.276224 -1.79527 -0.557767 1.50364 0.260124
0.455911 0.503292 -0.277033 -1.79959 -0.559011 1.50736 0.258994
0.456901 0.504124 -0.277849 -1.80391 -0.560271 1.51108 0.257857
0.457899 0.504944 -0.278669 -1.80823 -0.561545 1.51481 0.256715
0.458904 0.505752 -0.279495 -1.81253 -0.562832 1.51855 0.255569
0.459916 0.506547 -0.280324 -1.81682 -0.564131 1.52228 0.254419
0.460934 0.507328 -0.281157 -1.82109 -0.565442 1.52601 0.253266
0.461957 0.508095 -0.281992 -1.82534 -0.566763 1.52973 0.252111
0.462983 0.508847 -0.28283 -1.82956 -0.568093 1.53344 0.250956
0.464013 0.509583 -0.283669 -1.83376 -0.569431 1.53714 0.249799
0.465046 0.510304 -0.284508 -1.83792 -0.570775 1.54083 0.248644
0.466079 0.511009 -0.285348 -1.84206 -0.572126 1.5445 0.24749
0.467114 0.511697 -0.286187 -1.84615 -0.573481 1.54815 0.246338
0.468148 0.512368 -0.287024 -1.85021 -0.574839 1.55177 0.24519
0.46918 0.513022 -0.287859 -1.85422 -0.576199 1.55536 0.244046
0.470211 0.513658 -0.288691 -1.85818 -0.577559 1.55893 0.242907
0.471238 0.514277 -0.28952 -1.8621 -0.578919 1.56246 0.241774
0.47226 0.514878 -0.290344 -1.86596 -0.580276 1.56596 0.240649
0.473278 0.51546 -0.291162 -1.86977 -0.58163 1.56942 0.239532
0.474288 0.516025 -0.291975 -1.87352 -0.582978 1.57284 0.238425
0.475292 0.516571 -0.29278 -1.87721 -0.584319 1.57621 0.237327
0.476286 0.517099 -0.293578 -1.88084 -0.585652 1.57954 0.236242
0.477271 0.517608 -0.294367 -1.8844 -0.586975 1.58281 0.235168
0.478245 0.518099 -0.295146 -1.88789 -0.588286 1.58603 0.234109
0.479207 0.518572 -0.295915 -1.89131 -0.589584 1.5892 0.233064
0.480155 0.519026 -0.296673 -1.89466 -0.590866 1.5923 0.232035
0.48109 0.519463 -0.297418 -1.89793 -0.592132 1.59535 0.231023
0.482008 0.519881 -0.298151 -1.90112 -0.593379 1.59832 0.230029
0.48291 0.520281 -0.298869 -1.90423 -0.594606 1.60123 0.229055
0.483794 0.520664 -0.299573 -1.90725 -0.595811 1.60407 0.228102
0.484658 0.521029 -0.300261 -1.91019 -0.596991 1.60683 0.22717
0.485502 0.521377 -0.300931 -1.91303 -0.598146 1.60952 0.226261
0.486325 0.521708 -0.301584 -1.91579 -0.599273 1.61212 0.225377
0.487124 0.522021 -0.302219 -1.91845 -0.60037 1.61464 0.224518
0.487898 0.522319 -0.302833 -1.92101 -0.601435 1.61708 0.223686
0.488648 0.5226 -0.303427 -1.92347 -0.602467 1.61942 0.222883
0.48937 0.522864 -0.304 -1.92583 -0.603463 1.62168 0.222108
0.490064 0.523113 -0.304549 -1.92809 -0.604422 1.62383 0.221365
0.490729 0.523346 -0.305076 -1.93023 -0.605341 1.62589 0.220653
0.491363 0.523564 -0.305577 -1.93227 -0.606219 1.62785 0.219975
0.491965 0.523767 -0.306053 -1.9342 -0.607054 1.6297 0.219331
0.492533 0.523955 -0.306503 -1.93601 -0.607843 1.63145 0.218724
0.493067 0.524128 -0.306925 -1.9377 -0.608585 1.63309 0.218153
0.493565 0.524287 -0.307318 -1.93927 -0.609279 1.63461 0.217621
0.494026 0.524432 -0.307682 -1.94072 -0.609921 1.63601 0.217129
0.494449 0.524563 -0.308016 -1.94205 -0.61051 1.6373 0.216678
0.494449 0.524563 -0.308016 -1.94205 -0.61051 1.6373 0.216678
0.495175 0.524783 -0.308589 -1.94431 -0.611522 1.6395 0.215904
0.495175 0.524783 -0.308589 -1.94431 -0.611522 1.6395 0.215904
0.495732 0.524948 -0.309029 -1.94605 -0.612301 1.64118 0.215309
0.495732 0.524948 -0.309029 -1.94605 -0.612301 1.64118 0.215309
0.495732 0.524948 -0.309029 -1.94605 -0.612301 1.64118 0.215309
0.496234 0.525094 -0.309424 -1.9476 -0.613003 1.6427 0.214775
0.496234 0.525094 -0.309424 -1.9476 -0.613003 1.6427 0.214775
0.496234 0.525094 -0.309424 -1.9476 -0.613003 1.6427 0.214775
0.496234 0.525094 -0.309424 -1.9476 -0.613003 1.6427 0.214775
0.495371 0.525734 -0.309082 -1.94761 -0.612235 1.64172 0.214812
0.494185 0.526487 -0.308566 -1.94726 -0.611118 1.64015 0.214987
0.492543 0.527527 -0.307851 -1.94675 -0.609571 1.63797 0.215229
0.490457 0.528845 -0.306943 -1.9461 -0.607605 1.63519 0.215535
0.487937 0.530431 -0.305847 -1.94529 -0.605231 1.63182 0.215902
0.484996 0.532274 -0.304569 -1.94431 -0.602459 1.62787 0.216327
0.481646 0.534363 -0.303115 -1.94316 -0.5993 1.62334 0.216807
0.477899 0.536684 -0.30149 -1.94182 -0.595767 1.61824 0.217339
0.473769 0.539226 -0.299702 -1.94029 -0.591872 1.61258 0.217918
0.469268 0.541974 -0.297756 -1.93854 -0.587626 1.60637 0.21854
0.46441 0.544915 -0.295659 -1.93657 -0.583042 1.59961 0.219201
0.459208 0.548032 -0.293418 -1.93435 -0.578134 1.5923 0.219896
0.453678 0.551311 -0.29104 -1.93188 -0.572915 1.58447 0.22062
0.447833 0.554735 -0.288532 -1.92914 -0.567399 1.5761 0.221367
0.441687 0.558288 -0.285901 -1.9261 -0.561599 1.56721 0.222132
0.435256 0.561952 -0.283154 -1.92276 -0.55553 1.5578 0.222907
0.428555 0.565709 -0.280298 -1.91909 -0.549207 1.54788 0.223688
0.4216 0.569541 -0.277342 -1.91508 -0.542644 1.53747 0.224468
0.414404 0.573429 -0.274291 -1.91072 -0.535857 1.52655 0.225239
0.406985 0.577355 -0.271155 -1.90597 -0.52886 1.51516 0.225994
0.399359 0.581298 -0.267939 -1.90083 -0.52167 1.50329 0.226727
0.39154 0.585239 -0.264652 -1.89528 -0.514301 1.49095 0.227431
0.383545 0.589158 -0.261301 -1.88931 -0.506769 1.47815 0.228097
0.375391 0.593035 -0.257893 -1.8829 -0.499089 1.46491 0.22872
0.367092 0.59685 -0.254435 -1.87602 -0.491276 1.45124 0.22929
0.358665 0.600582 -0.250935 -1.86868 -0.483346 1.43714 0.229803
0.350126 0.604211 -0.247399 -1.86086 -0.475312 1.42263 0.23025
0.341491 0.607718 -0.243835 -1.85254 -0.467191 1.40773 0.230625
0.332774 0.611083 -0.240249 -1.84371 -0.458995 1.39244 0.230921
0.323991 0.614287 -0.236648 -1.83436 -0.450738 1.37678 0.231133
0.315158 0.617309 -0.233039 -1.82448 -0.442434 1.36076 0.231255
0.306288 0.620134 -0.229427 -1.81407 -0.434096 1.34441 0.231281
0.297395 0.622741 -0.225819 -1.80311 -0.425735 1.32773 0.231206
0.288494 0.625115 -0.222221 -1.7916 -0.417364 1.31074 0.231027
0.279597 0.627239 -0.21864 -1.77953 -0.408994 1.29346 0.23074
0.270717 0.629096 -0.21508 -1.7669 -0.400634 1.2759 0.23034
0.261866 0.630673 -0.211547 -1.7537 -0.392296 1.25807 0.229827
0.253056 0.631954 -0.208047 -1.73993 -0.383987 1.24 0.229196
0.244299 0.632927 -0.204585 -1.72559 -0.375717 1.22169 0.228448
0.235603 0.63358 -0.201166 -1.71067 -0.367494 1.20317 0.227581
0.226979 0.633902 -0.197795 -1.69519 -0.359325 1.18444 0.226594
0.218437 0.633881 -0.194477 -1.67913 -0.351216 1.16552 0.225488
0.209984 0.63351 -0.191215 -1.6625 -0.343174 1.14643 0.224263
0.20163 0.632779 -0.188016 -1.6453 -0.335205 1.12717 0.222921
0.19338 0.631681 -0.184882 -1.62753 -0.327312 1.10777 0.221463
0.185242 0.63021 -0.181817 -1.6092 -0.319501 1.08823 0.219892
0.177223 0.628361 -0.178826 -1.59031 -0.311775 1.06857 0.21821
0.169327 0.626129 -0.175912 -1.57086 -0.304137 1.04879 0.216419
0.161561 0.62351 -0.173079 -1.55087 -0.296591 1.02891 0.214524
0.153928 0.620502 -0.170329 -1.53033 -0.289139 1.00893 0.212529
0.146434 0.617103 -0.167667 -1.50926 -0.281783 0.988876 0.210436
0.139082 0.613311 -0.165094 -1.48765 -0.274523 0.968743 0.208251
0.131875 0.609126 -0.162614 -1.46552 -0.267363 0.948543 0.205978
0.124818 0.604548 -0.160228 -1.44287 -0.260302 0.928284 0.203622
0.117912 0.599579 -0.15794 -1.41971 -0.25334 0.907972 0.201188
0.11116 0.594218 -0.155752 -1.39605 -0.246479 0.887614 0.198681
0.104565 0.588469 -0.153666 -1.37189 -0.239717 0.867214 0.196106
0.098129 0.582333 -0.151683 -1.34724 -0.233055 0.846779 0.193469
0.0918537 0.575813 -0.149805 -1.32211 -0.226492 0.826313 0.190776
0.0857411 0.568914 -0.148034 -1.29651 -0.220027 0.80582 0.188031
0.0797935 0.561634 -0.146371 -1.27043 -0.21366 0.785301 0.185242
0.0740115 0.553984 -0.144818 -1.24391 -0.207389 0.764764 0.182412
0.0683973 0.545964 -0.143376 -1.21693 -0.201212 0.744209 0.179547
0.0629525 0.53758 -0.142046 -1.18951 -0.195129 0.72364 0.176655
0.0576787 0.528835 -0.140829 -1.16165 -0.189137 0.703058 0.173739
0.0525774 0.519735 -0.139725 -1.13337 -0.183234 0.682464 0.170805
0.0476505 0.510284 -0.138736 -1.10466 -0.17742 0.661861 0.167859
0.0428996 0.500486 -0.137862 -1.07554 -0.171691 0.641249 0.164907
0.0383266 0.490348 -0.137103 -1.04602 -0.166047 0.62063 0.161952
0.0339335 0.479873 -0.136461 -1.01609 -0.160484 0.600004 0.159002
0.0297224 0.469067 -0.135934 -0.985777 -0.155 0.579372 0.156059
0.0256954 0.457935 -0.135525 -0.955075 -0.149593 0.558733 0.15313
0.021855 0.446481 -0.135232 -0.923993 -0.144261 0.53809 0.150219
0.0182037 0.434712 -0.135056 -0.892539 -0.139 0.51744 0.147331
0.0147442 0.422631 -0.134997 -0.860718 -0.133809 0.496786 0.144468
0.0114803 0.410238 -0.135053 -0.828525 -0.128687 0.47612 0.141638
0.00841367 0.397547 -0.135227 -0.795985 -0.123628 0.455453 0.138841
0.0055482 0.384559 -0.135518 -0.763096 -0.11863 0.434781 0.136082
0.00288744 0.371278 -0.135925 -0.729862 -0.113691 0.414103 0.133364
0.000435131 0.357708 -0.136447 -0.69629 -0.108808 0.393419 0.13069
-0.00180481 0.343855 -0.137085 -0.662384 -0.103977 0.372729 0.128063
-0.00382823 0.329722 -0.137838 -0.62815 -0.0991963 0.352034 0.125484
-0.00563079 0.315313 -0.138706 -0.593594 -0.0944622 0.331334 0.122957
-0.00720797 0.300635 -0.139687 -0.558721 -0.0897713 0.31063 0.120483
-0.00855297 0.285677 -0.140779 -0.523511 -0.085124 0.289909 0.118064
-0.00966386 0.270463 -0.141985 -0.488008 -0.0805112 0.269192 0.115699
-0.0105341 0.254989 -0.143303 -0.452199 -0.0759318 0.248472 0.113389
-0.0111584 0.239258 -0.14473 -0.416092 -0.071382 0.22775 0.111134
-0.0115313 0.223277 -0.146268 -0.379693 -0.0668575 0.207029 0.108934
-0.011644 0.207029 -0.147911 -0.342967 -0.0623599 0.186289 0.10679
-0.0114947 0.190544 -0.149663 -0.305977 -0.0578773 0.165564 0.104696
-0.0110759 0.173819 -0.151522 -0.268709 -0.0534074 0.144845 0.102653
-0.010378 0.156835 -0.153482 -0.231127 -0.0489522 0.124113 0.10066
-0.00939917 0.139626 -0.155548 -0.193298 -0.0444976 0.103403 0.0987109
-0.00812813 0.122166 -0.157713 -0.155166 -0.0400474 0.0826888 0.0968047
-0.00656401 0.104498 -0.159984 -0.116824 -0.0355837 0.0620173 0.0949321
-0.00469303 0.0865812 -0.162349 -0.0781811 -0.0311146 0.0413439 0.0930936
-0.00469303 0.0865812 -0.162349 -0.0781811 -0.0311146 0.0413439 0.0930936
-0.000297586 0.0520653 -0.167358 -0.00438789 -0.0221407 0.00230248 0.0894835
