-0.97 0.9 0 -0.76 0 0 0
-0.969863 0.899538 0.000608239 -0.760143 0.00030057 0.000672935 -0.000240731
-0.969462 0.898184 0.00238951 -0.760563 0.00118081 0.00264367 -0.000945731
-0.968813 0.895989 0.00527865 -0.761244 0.00260851 0.00584011 -0.0020892
-0.967928 0.893001 0.00921048 -0.762171 0.00455148 0.0101902 -0.00364536
-0.966824 0.889271 0.0141198 -0.763329 0.00697751 0.0156217 -0.00558841
-0.965514 0.884848 0.0199415 -0.764701 0.00985439 0.0220626 -0.00789255
-0.964014 0.87978 0.0266105 -0.766273 0.0131499 0.0294409 -0.010532
-0.962338 0.874119 0.0340614 -0.76803 0.0168319 0.0376843 -0.013481
-0.960501 0.867912 0.0422292 -0.769956 0.0208681 0.0467209 -0.0167136
-0.958517 0.861211 0.0510486 -0.772035 0.0252264 0.0564785 -0.0202042
-0.956401 0.854064 0.0604546 -0.774252 0.0298745 0.0668849 -0.023927
-0.954168 0.846521 0.0703819 -0.776593 0.0347802 0.0778682 -0.0278561
-0.951832 0.838631 0.0807654 -0.779041 0.0399113 0.0893561 -0.0319657
-0.949408 0.830444 0.09154 -0.781581 0.0452357 0.101277 -0.0362301
-0.946911 0.822009 0.10264 -0.784198 0.0507211 0.113558 -0.0406234
-0.944356 0.813377 0.114001 -0.786876 0.0563353 0.126127 -0.0451199
-0.941756 0.804596 0.125558 -0.7896 0.0620461 0.138913 -0.0496938
-0.939127 0.795715 0.137245 -0.792356 0.0678214 0.151843 -0.0543193
-0.936483 0.786786 0.148997 -0.795126 0.0736288 0.164845 -0.0589706
-0.93384 0.777856 0.160749 -0.797897 0.0794362 0.177847 -0.0636219
-0.931211 0.768976 0.172436 -0.800652 0.0852115 0.190777 -0.0682474
-0.928611 0.760194 0.183992 -0.803376 0.0909223 0.203563 -0.0728212
-0.926056 0.751562 0.195353 -0.806055 0.0965365 0.216132 -0.0773178
-0.923559 0.743127 0.206454 -0.808672 0.102022 0.228413 -0.0817111
-0.921135 0.73494 0.217228 -0.811212 0.107346 0.240334 -0.0859755
-0.918799 0.72705 0.227612 -0.81366 0.112477 0.251822 -0.0900851
-0.916566 0.719507 0.237539 -0.816 0.117383 0.262805 -0.0940142
-0.91445 0.71236 0.246945 -0.818218 0.122031 0.273212 -0.097737
-0.912466 0.705659 0.255764 -0.820297 0.126389 0.282969 -0.101228
-0.910629 0.699452 0.263932 -0.822222 0.130426 0.292006 -0.10446
-0.908953 0.693791 0.271383 -0.823979 0.134108 0.300249 -0.107409
-0.907453 0.688724 0.278052 -0.825551 0.137403 0.307627 -0.110049
-0.906143 0.6843 0.283874 -0.826924 0.14028 0.314068 -0.112353
-0.905039 0.68057 0.288783 -0.828081 0.142706 0.3195 -0.114296
-0.904154 0.677582 0.292715 -0.829008 0.144649 0.32385 -0.115852
-0.903504 0.675387 0.295604 -0.829689 0.146077 0.327046 -0.116995
-0.903104 0.674033 0.297385 -0.830109 0.146957 0.329017 -0.1177
-0.902967 0.673571 0.297994 -0.830252 0.147258 0.32969 -0.117941
-0.902882 0.673284 0.298371 -0.830341 0.147444 0.330108 -0.118091
-0.902631 0.672437 0.299487 -0.830604 0.147995 0.331342 -0.118532
-0.90222 0.671047 0.301315 -0.831035 0.148899 0.333365 -0.119256
-0.901654 0.669135 0.303832 -0.831629 0.150143 0.336149 -0.120252
-0.900938 0.666719 0.307011 -0.832378 0.151714 0.339667 -0.12151
-0.90008 0.663818 0.310829 -0.833278 0.1536 0.343891 -0.123021
-0.899083 0.660452 0.31526 -0.834323 0.15579 0.348793 -0.124775
-0.897954 0.656638 0.320278 -0.835506 0.15827 0.354345 -0.126761
-0.896698 0.652397 0.32586 -0.836822 0.161028 0.36052 -0.12897
-0.895322 0.647747 0.331979 -0.838265 0.164052 0.367291 -0.131392
-0.89383 0.642708 0.338612 -0.839828 0.16733 0.374629 -0.134017
-0.892228 0.637297 0.345732 -0.841507 0.170848 0.382506 -0.136835
-0.890522 0.631535 0.353315 -0.843295 0.174596 0.390896 -0.139837
-0.888718 0.62544 0.361337 -0.845186 0.178559 0.39977 -0.143011
-0.886821 0.619032 0.36977 -0.847174 0.182727 0.409101 -0.146349
-0.884836 0.612329 0.378592 -0.849254 0.187086 0.418861 -0.149841
-0.88277 0.60535 0.387777 -0.851419 0.191625 0.429023 -0.153476
-0.880628 0.598114 0.397299 -0.853664 0.196331 0.439558 -0.157245
-0.878416 0.590641 0.407134 -0.855982 0.201191 0.450439 -0.161137
-0.876139 0.58295 0.417257 -0.858369 0.206193 0.461639 -0.165144
-0.873803 0.575058 0.427642 -0.860817 0.211325 0.473129 -0.169254
-0.871413 0.566986 0.438265 -0.863322 0.216575 0.484882 -0.173459
-0.868975 0.558753 0.449101 -0.865876 0.22193 0.49687 -0.177747
-0.866496 0.550377 0.460125 -0.868475 0.227377 0.509066 -0.18211
-0.863979 0.541877 0.471311 -0.871112 0.232905 0.521442 -0.186537
-0.861432 0.533273 0.482635 -0.873782 0.2385 0.533971 -0.191019
-0.85886 0.524583 0.494071 -0.876478 0.244152 0.546623 -0.195546
-0.856267 0.515826 0.505595 -0.879195 0.249847 0.559373 -0.200107
-0.853661 0.507022 0.517181 -0.881926 0.255572 0.572192 -0.204692
-0.851046 0.49819 0.528805 -0.884667 0.261316 0.585052 -0.209293
-0.848428 0.489348 0.540442 -0.88741 0.267067 0.597926 -0.213898
-0.845814 0.480516 0.552066 -0.89015 0.272811 0.610787 -0.218499
-0.843207 0.471712 0.563652 -0.892882 0.278536 0.623606 -0.223085
-0.840615 0.462955 0.575176 -0.895599 0.284231 0.636355 -0.227646
-0.838042 0.454266 0.586613 -0.898295 0.289883 0.649008 -0.232172
-0.835495 0.445661 0.597936 -0.900964 0.295478 0.661536 -0.236654
-0.832979 0.437162 0.609123 -0.903601 0.301006 0.673912 -0.241081
-0.830499 0.428785 0.620146 -0.9062 0.306454 0.686108 -0.245444
-0.828062 0.420552 0.630982 -0.908755 0.311808 0.698097 -0.249733
-0.825672 0.41248 0.641605 -0.911259 0.317058 0.70985 -0.253937
-0.823336 0.404588 0.651991 -0.913708 0.32219 0.72134 -0.258048
-0.821059 0.396897 0.662113 -0.916094 0.327192 0.73254 -0.262054
-0.818846 0.389424 0.671948 -0.918413 0.332052 0.743421 -0.265947
-0.816704 0.382188 0.681471 -0.920658 0.336758 0.753956 -0.269715
-0.814638 0.375209 0.690655 -0.922823 0.341297 0.764117 -0.27335
-0.812654 0.368506 0.699477 -0.924903 0.345656 0.773877 -0.276842
-0.810757 0.362098 0.707911 -0.926891 0.349824 0.783208 -0.28018
-0.808952 0.356003 0.715932 -0.928782 0.353787 0.792083 -0.283355
-0.807246 0.350241 0.723515 -0.93057 0.357535 0.800472 -0.286356
-0.805645 0.344831 0.730635 -0.932248 0.361053 0.80835 -0.289174
-0.804153 0.339791 0.737268 -0.933812 0.364331 0.815688 -0.291799
-0.802776 0.335141 0.743387 -0.935255 0.367355 0.822458 -0.294221
-0.801521 0.3309 0.748969 -0.936571 0.370113 0.828634 -0.29643
-0.800392 0.327086 0.753988 -0.937754 0.372593 0.834186 -0.298416
-0.799395 0.32372 0.758418 -0.938798 0.374783 0.839088 -0.30017
-0.798536 0.320819 0.762236 -0.939698 0.376669 0.843312 -0.301681
-0.797821 0.318403 0.765416 -0.940448 0.378241 0.84683 -0.302939
-0.797255 0.316491 0.767932 -0.941041 0.379484 0.849614 -0.303936
-0.796844 0.315101 0.769761 -0.941472 0.380388 0.851637 -0.304659
-0.796593 0.314254 0.770876 -0.941735 0.380939 0.852871 -0.305101
-0.796508 0.313967 0.771254 -0.941824 0.381125 0.853289 -0.30525
-0.796239 0.313643 0.771425 -0.941801 0.381463 0.853706 -0.305496
-0.795445 0.312687 0.771929 -0.941735 0.382459 0.85494 -0.306222
-0.794143 0.31112 0.772757 -0.941625 0.384092 0.856963 -0.307413
-0.792351 0.308962 0.773896 -0.941474 0.38634 0.859748 -0.309051
-0.790088 0.306237 0.775335 -0.941283 0.38918 0.863266 -0.311121
-0.78737 0.302964 0.777062 -0.941053 0.39259 0.867489 -0.313607
-0.784215 0.299166 0.779068 -0.940787 0.396548 0.872391 -0.316492
-0.780642 0.294863 0.781339 -0.940486 0.401031 0.877944 -0.31976
-0.776668 0.290079 0.783865 -0.940151 0.406016 0.884119 -0.323394
-0.772311 0.284833 0.786634 -0.939783 0.411482 0.89089 -0.327378
-0.767589 0.279147 0.789636 -0.939385 0.417407 0.898227 -0.331696
-0.76252 0.273043 0.792858 -0.938957 0.423767 0.906105 -0.336332
-0.757121 0.266542 0.79629 -0.938502 0.43054 0.914495 -0.34127
-0.75141 0.259666 0.79992 -0.93802 0.437705 0.923369 -0.346492
-0.745406 0.252436 0.803737 -0.937513 0.445238 0.9327 -0.351984
-0.739125 0.244874 0.807729 -0.936984 0.453118 0.94246 -0.357727
-0.732586 0.237 0.811886 -0.936432 0.461322 0.952622 -0.363707
-0.725807 0.228837 0.816195 -0.93586 0.469827 0.963157 -0.369907
-0.718805 0.220406 0.820646 -0.935269 0.478612 0.974038 -0.376311
-0.711598 0.211729 0.825227 -0.934662 0.487654 0.985237 -0.382902
-0.704204 0.202826 0.829927 -0.934038 0.496931 0.996728 -0.389664
-0.69664 0.193719 0.834734 -0.9334 0.50642 1.00848 -0.39658
-0.688926 0.18443 0.839638 -0.932749 0.516098 1.02047 -0.403635
-0.681077 0.17498 0.844627 -0.932087 0.525945 1.03267 -0.410813
-0.673113 0.165391 0.849689 -0.931415 0.535937 1.04504 -0.418096
-0.665051 0.155683 0.854814 -0.930735 0.546051 1.05757 -0.425469
-0.656909 0.14588 0.85999 -0.930048 0.556267 1.07022 -0.432915
-0.648705 0.136001 0.865205 -0.929356 0.56656 1.08297 -0.440418
-0.640456 0.126068 0.870448 -0.92866 0.576909 1.09579 -0.447962
-0.63218 0.116104 0.875709 -0.927962 0.587292 1.10865 -0.45553
-0.623895 0.106128 0.880975 -0.927263 0.597686 1.12153 -0.463107
-0.615619 0.0961634 0.886235 -0.926565 0.608069 1.13439 -0.470675
-0.60737 0.0862309 0.891479 -0.925869 0.618418 1.1472 -0.478219
-0.599166 0.0763521 0.896694 -0.925177 0.628712 1.15995 -0.485722
-0.591024 0.0665483 0.90187 -0.92449 0.638927 1.17261 -0.493168
-0.582962 0.056841 0.906994 -0.92381 0.649042 1.18514 -0.500541
-0.574998 0.0472517 0.912057 -0.923139 0.659033 1.19751 -0.507824
-0.567149 0.0378018 0.917045 -0.922476 0.66888 1.20971 -0.515002
-0.559435 0.0285127 0.921949 -0.921826 0.678559 1.2217 -0.522057
-0.551871 0.019406 0.926757 -0.921188 0.688047 1.23345 -0.528974
-0.544477 0.010503 0.931457 -0.920564 0.697324 1.24494 -0.535736
-0.53727 0.00182528 0.936038 -0.919956 0.706366 1.25614 -0.542326
-0.530268 -0.00660581 0.940489 -0.919365 0.715151 1.26702 -0.54873
-0.523489 -0.0147688 0.944798 -0.918793 0.723656 1.27755 -0.55493
-0.51695 -0.0226422 0.948955 -0.918242 0.73186 1.28772 -0.56091
-0.510669 -0.0302046 0.952947 -0.917712 0.73974 1.29748 -0.566654
-0.504665 -0.0374346 0.956764 -0.917206 0.747273 1.30681 -0.572145
-0.498954 -0.0443107 0.960394 -0.916724 0.754438 1.31568 -0.577367
-0.493555 -0.0508114 0.963826 -0.916268 0.761211 1.32407 -0.582305
-0.488486 -0.0569153 0.967048 -0.915841 0.767571 1.33195 -0.586941
-0.483764 -0.062601 0.97005 -0.915442 0.773496 1.33929 -0.591259
-0.479407 -0.067847 0.972819 -0.915075 0.778962 1.34606 -0.595244
-0.475433 -0.0726318 0.975345 -0.91474 0.783947 1.35223 -0.598878
-0.47186 -0.076934 0.977616 -0.914438 0.78843 1.35778 -0.602145
-0.468706 -0.0807322 0.979621 -0.914172 0.792388 1.36269 -0.60503
-0.465987 -0.0840049 0.981349 -0.913943 0.795798 1.36691 -0.607516
-0.463724 -0.0867307 0.982788 -0.913752 0.798638 1.37043 -0.609586
-0.461932 -0.0888881 0.983927 -0.913601 0.800886 1.37321 -0.611225
-0.46063 -0.0904556 0.984754 -0.913491 0.802519 1.37524 -0.612415
-0.459836 -0.0914118 0.985259 -0.913424 0.803516 1.37647 -0.613141
-0.459567 -0.0917354 0.98543 -0.913401 0.803853 1.37689 -0.613387
-0.458243 -0.0919044 0.984257 -0.91278 0.804656 1.37684 -0.613898
-0.454474 -0.0923855 0.980919 -0.911013 0.806942 1.37671 -0.615351
-0.448565 -0.0931397 0.975687 -0.908244 0.810526 1.3765 -0.617628
-0.440823 -0.0941279 0.96883 -0.904614 0.815221 1.37623 -0.620613
-0.431552 -0.0953112 0.960621 -0.900268 0.820844 1.3759 -0.624187
-0.421059 -0.0966505 0.951329 -0.895349 0.827208 1.37553 -0.628231
-0.409649 -0.0981069 0.941225 -0.89 0.834128 1.37513 -0.63263
-0.397628 -0.0996413 0.930579 -0.884365 0.841419 1.3747 -0.637264
-0.385302 -0.101215 0.919663 -0.878586 0.848895 1.37427 -0.642015
-0.372975 -0.102788 0.908747 -0.872808 0.856371 1.37383 -0.646767
-0.360954 -0.104322 0.898102 -0.867172 0.863662 1.37341 -0.651401
-0.349544 -0.105779 0.887998 -0.861824 0.870582 1.373 -0.655799
-0.339051 -0.107118 0.878706 -0.856905 0.876946 1.37263 -0.659844
-0.329781 -0.108301 0.870496 -0.852559 0.882568 1.37231 -0.663418
-0.322038 -0.10929 0.86364 -0.848929 0.887264 1.37203 -0.666402
-0.31613 -0.110044 0.858407 -0.846159 0.890848 1.37182 -0.66868
-0.312361 -0.110525 0.855069 -0.844392 0.893134 1.37169 -0.670133
-0.311036 -0.110694 0.853896 -0.843772 0.893937 1.37164 -0.670644
-0.310619 -0.110747 0.853527 -0.843576 0.89419 1.37163 -0.670805
-0.309385 -0.110905 0.852434 -0.842997 0.894939 1.37159 -0.67128
-0.307361 -0.111163 0.850642 -0.842049 0.896166 1.37151 -0.67206
-0.304577 -0.111518 0.848177 -0.840744 0.897854 1.37142 -0.673133
-0.301059 -0.111967 0.845061 -0.839094 0.899988 1.37129 -0.67449
-0.296836 -0.112507 0.841321 -0.837114 0.90255 1.37114 -0.676118
-0.291934 -0.113132 0.83698 -0.834816 0.905523 1.37097 -0.678007
-0.286381 -0.113841 0.832063 -0.832214 0.90889 1.37077 -0.680148
-0.280206 -0.114629 0.826594 -0.829319 0.912635 1.37056 -0.682528
-0.273435 -0.115493 0.820599 -0.826145 0.916742 1.37032 -0.685138
-0.266097 -0.11643 0.8141 -0.822705 0.921192 1.37006 -0.687967
-0.25822 -0.117435 0.807124 -0.819012 0.92597 1.36978 -0.691004
-0.24983 -0.118506 0.799695 -0.815079 0.931058 1.36948 -0.694238
-0.240956 -0.119639 0.791836 -0.810919 0.936441 1.36917 -0.697659
-0.231625 -0.12083 0.783573 -0.806544 0.9421 1.36884 -0.701256
-0.221865 -0.122076 0.774929 -0.801969 0.948019 1.3685 -0.705018
-0.211703 -0.123373 0.765931 -0.797205 0.954182 1.36814 -0.708935
-0.201168 -0.124718 0.756601 -0.792267 0.960572 1.36776 -0.712996
-0.190287 -0.126106 0.746965 -0.787166 0.967171 1.36738 -0.717191
-0.179087 -0.127536 0.737048 -0.781915 0.973964 1.36699 -0.721508
-0.167597 -0.129003 0.726872 -0.776529 0.980933 1.36658 -0.725937
-0.155844 -0.130503 0.716464 -0.771019 0.988061 1.36616 -0.730468
-0.143856 -0.132033 0.705848 -0.765399 0.995332 1.36574 -0.735089
-0.13166 -0.13359 0.695047 -0.759682 1.00273 1.36531 -0.739791
-0.119284 -0.135169 0.684088 -0.75388 1.01023 1.36487 -0.744561
-0.106756 -0.136768 0.672993 -0.748007 1.01783 1.36443 -0.749391
-0.0941028 -0.138383 0.661788 -0.742076 1.02551 1.36398 -0.754268
-0.0813531 -0.140011 0.650498 -0.736099 1.03324 1.36353 -0.759183
-0.0685343 -0.141647 0.639146 -0.730089 1.04101 1.36308 -0.764124
-0.0556739 -0.143289 0.627757 -0.72406 1.04881 1.36263 -0.769082
-0.0427997 -0.144932 0.616356 -0.718025 1.05662 1.36217 -0.774045
-0.0299393 -0.146573 0.604968 -0.711996 1.06442 1.36172 -0.779002
-0.0171204 -0.148209 0.593616 -0.705987 1.0722 1.36127 -0.783944
-0.00437076 -0.149837 0.582325 -0.70001 1.07993 1.36082 -0.788858
0.00828201 -0.151452 0.57112 -0.694079 1.0876 1.36037 -0.793736
0.0208102 -0.153051 0.560026 -0.688206 1.0952 1.35993 -0.798565
0.0331862 -0.154631 0.549066 -0.682404 1.10271 1.35949 -0.803336
0.0453822 -0.156187 0.538266 -0.676686 1.1101 1.35906 -0.808038
0.0573706 -0.157718 0.527649 -0.671066 1.11738 1.35864 -0.812659
0.0691237 -0.159218 0.517241 -0.665557 1.1245 1.35822 -0.81719
0.0806139 -0.160684 0.507066 -0.66017 1.13147 1.35782 -0.821619
0.0918134 -0.162114 0.497148 -0.65492 1.13827 1.35742 -0.825936
0.102695 -0.163503 0.487512 -0.649819 1.14486 1.35704 -0.830131
0.11323 -0.164847 0.478182 -0.64488 1.15125 1.35666 -0.834192
0.123391 -0.166144 0.469184 -0.640117 1.15742 1.35631 -0.838109
0.133151 -0.16739 0.460541 -0.635541 1.16334 1.35596 -0.841871
0.142482 -0.168581 0.452278 -0.631167 1.169 1.35563 -0.845468
0.151356 -0.169714 0.444419 -0.627007 1.17438 1.35532 -0.848889
0.159746 -0.170785 0.436989 -0.623074 1.17947 1.35502 -0.852123
0.167624 -0.17179 0.430013 -0.619381 1.18424 1.35474 -0.85516
0.174962 -0.172727 0.423515 -0.615941 1.18869 1.35449 -0.857988
0.181732 -0.173591 0.417519 -0.612767 1.1928 1.35425 -0.860598
0.187908 -0.174379 0.412051 -0.609872 1.19655 1.35403 -0.862979
0.19346 -0.175088 0.407133 -0.607269 1.19991 1.35383 -0.865119
0.198362 -0.175714 0.402793 -0.604971 1.20289 1.35366 -0.867009
0.202586 -0.176253 0.399052 -0.602991 1.20545 1.35351 -0.868637
0.206104 -0.176702 0.395937 -0.601342 1.20758 1.35339 -0.869993
0.208888 -0.177057 0.393471 -0.600037 1.20927 1.35329 -0.871066
0.210911 -0.177316 0.39168 -0.599088 1.2105 1.35322 -0.871846
0.212145 -0.177473 0.390587 -0.59851 1.21125 1.35317 -0.872322
0.212563 -0.177526 0.390217 -0.598314 1.2115 1.35316 -0.872483
0.21298 -0.17731 0.389912 -0.598237 1.21137 1.35284 -0.872376
0.214214 -0.176669 0.38901 -0.59801 1.21098 1.35189 -0.87206
0.216237 -0.175619 0.387531 -0.597637 1.21035 1.35034 -0.871543
0.219022 -0.174174 0.385495 -0.597125 1.20947 1.34821 -0.87083
0.222539 -0.172347 0.382923 -0.596477 1.20837 1.34552 -0.86993
0.226763 -0.170155 0.379836 -0.595699 1.20704 1.34228 -0.868849
0.231665 -0.16761 0.376252 -0.594796 1.20551 1.33853 -0.867595
0.237218 -0.164728 0.372193 -0.593774 1.20376 1.33427 -0.866174
0.243393 -0.161523 0.367679 -0.592636 1.20183 1.32955 -0.864594
0.250163 -0.158008 0.362729 -0.591389 1.1997 1.32436 -0.862862
0.257501 -0.154199 0.357365 -0.590038 1.1974 1.31874 -0.860984
0.265379 -0.15011 0.351606 -0.588587 1.19493 1.31271 -0.858968
0.273769 -0.145755 0.345472 -0.587042 1.19229 1.30628 -0.856821
0.282643 -0.141148 0.338985 -0.585408 1.18951 1.29948 -0.854551
0.291974 -0.136305 0.332164 -0.583689 1.18658 1.29234 -0.852163
0.301734 -0.131238 0.325029 -0.581892 1.18352 1.28486 -0.849666
0.311896 -0.125963 0.3176 -0.580021 1.18033 1.27708 -0.847066
0.322431 -0.120495 0.309898 -0.57808 1.17702 1.26901 -0.84437
0.333312 -0.114846 0.301944 -0.576076 1.17361 1.26068 -0.841586
0.344511 -0.109033 0.293756 -0.574014 1.1701 1.2521 -0.83872
0.356001 -0.103068 0.285357 -0.571898 1.16649 1.2433 -0.83578
0.367755 -0.0969675 0.276765 -0.569733 1.1628 1.2343 -0.832772
0.379743 -0.0907444 0.268 -0.567525 1.15904 1.22512 -0.829705
0.391939 -0.0844136 0.259085 -0.565279 1.15521 1.21578 -0.826584
0.404315 -0.0779893 0.250037 -0.563 1.15133 1.2063 -0.823417
0.416843 -0.071486 0.240879 -0.560693 1.1474 1.1967 -0.820211
0.429496 -0.0649181 0.231629 -0.558363 1.14343 1.18701 -0.816974
0.442246 -0.0582998 0.222308 -0.556015 1.13943 1.17725 -0.813711
0.455064 -0.0516457 0.212937 -0.553654 1.1354 1.16743 -0.810431
0.467925 -0.04497 0.203536 -0.551285 1.13137 1.15758 -0.807141
0.480799 -0.0382871 0.194124 -0.548915 1.12733 1.14772 -0.803846
0.493659 -0.0316113 0.184722 -0.546546 1.12329 1.13787 -0.800556
0.506478 -0.0249572 0.175351 -0.544185 1.11927 1.12806 -0.797275
0.519228 -0.0183389 0.166031 -0.541837 1.11527 1.11829 -0.794013
0.531881 -0.011771 0.156781 -0.539507 1.1113 1.1086 -0.790775
0.544409 -0.00526771 0.147622 -0.5372 1.10737 1.09901 -0.78757
0.556785 0.00115655 0.138575 -0.534921 1.10348 1.08953 -0.784403
0.568981 0.0074874 0.129659 -0.532675 1.09966 1.08019 -0.781282
0.580969 0.0137105 0.120895 -0.530467 1.0959 1.07101 -0.778215
0.592723 0.0198114 0.112303 -0.528302 1.09221 1.062 -0.775207
0.604213 0.0257759 0.103903 -0.526186 1.0886 1.0532 -0.772267
0.615412 0.0315894 0.0957156 -0.524124 1.08509 1.04463 -0.769401
0.626293 0.0372377 0.087761 -0.52212 1.08167 1.03629 -0.766617
0.636828 0.0427064 0.0800594 -0.520179 1.07837 1.02822 -0.763921
0.64699 0.0479812 0.0726309 -0.518308 1.07518 1.02044 -0.761321
0.65675 0.0530475 0.0654958 -0.516511 1.07212 1.01297 -0.758824
0.666081 0.0578912 0.0586745 -0.514792 1.06919 1.00582 -0.756436
0.674955 0.0624977 0.052187 -0.513158 1.0664 0.999024 -0.754165
0.683345 0.0668528 0.0460537 -0.511613 1.06377 0.992598 -0.752019
0.691223 0.070942 0.0402947 -0.510162 1.0613 0.986565 -0.750003
0.698561 0.0747511 0.0349304 -0.508811 1.059 0.980945 -0.748125
0.705331 0.0782656 0.0299808 -0.507564 1.05687 0.97576 -0.746393
0.711506 0.0814711 0.0254664 -0.506426 1.05493 0.97103 -0.744813
0.717059 0.0843533 0.0214073 -0.505404 1.05319 0.966778 -0.743392
0.721961 0.0868979 0.0178238 -0.504501 1.05165 0.963024 -0.742138
0.726184 0.0890904 0.014736 -0.503723 1.05033 0.959789 -0.741057
0.729702 0.0909165 0.0121643 -0.503075 1.04922 0.957095 -0.740157
0.732487 0.0923618 0.0101289 -0.502563 1.04835 0.954962 -0.739444
0.73451 0.093412 0.00864993 -0.50219 1.04772 0.953413 -0.738927
0.735744 0.0940526 0.00774772 -0.501963 1.04733 0.952468 -0.738611
0.736161 0.0942693 0.00744248 -0.501886 1.0472 0.952148 -0.738504
0.736255 0.0945906 0.00743952 -0.501989 1.04678 0.951768 -0.738209
0.73653 0.0955401 0.00743075 -0.502293 1.04555 0.950646 -0.737339
0.736982 0.0970967 0.00741637 -0.502792 1.04352 0.948807 -0.735912
0.737604 0.099239 0.00739658 -0.503478 1.04074 0.946275 -0.733949
0.738389 0.101946 0.00737158 -0.504345 1.03722 0.943077 -0.731468
0.739332 0.105196 0.00734156 -0.505386 1.033 0.939236 -0.728489
0.740427 0.108967 0.00730672 -0.506594 1.02809 0.934779 -0.725032
0.741667 0.113239 0.00726726 -0.507963 1.02254 0.929731 -0.721117
0.743046 0.117991 0.00722337 -0.509485 1.01637 0.924116 -0.716762
0.744558 0.1232 0.00717525 -0.511154 1.0096 0.91796 -0.711987
0.746196 0.128846 0.0071231 -0.512962 1.00226 0.911288 -0.706812
0.747955 0.134907 0.00706712 -0.514904 0.994381 0.904125 -0.701257
0.749829 0.141362 0.00700749 -0.516972 0.985991 0.896497 -0.69534
0.75181 0.14819 0.00694442 -0.519159 0.977117 0.888428 -0.689082
0.753894 0.15537 0.0068781 -0.521459 0.967786 0.879944 -0.682501
0.756073 0.162879 0.00680874 -0.523865 0.958026 0.87107 -0.675618
0.758342 0.170698 0.00673652 -0.52637 0.947865 0.861831 -0.668452
0.760695 0.178804 0.00666165 -0.528966 0.937329 0.852252 -0.661023
0.763125 0.187176 0.00658431 -0.531648 0.926448 0.842359 -0.653349
0.765625 0.195793 0.00650472 -0.534409 0.915249 0.832176 -0.645451
0.768191 0.204633 0.00642306 -0.537241 0.903759 0.821728 -0.637348
0.770816 0.213677 0.00633953 -0.540138 0.892006 0.811042 -0.62906
0.773493 0.222901 0.00625432 -0.543093 0.880017 0.800142 -0.620605
0.776216 0.232284 0.00616765 -0.546099 0.867821 0.789053 -0.612004
0.77898 0.241807 0.00607969 -0.549149 0.855445 0.7778 -0.603276
0.781777 0.251446 0.00599065 -0.552237 0.842917 0.766409 -0.594441
0.784602 0.261181 0.00590073 -0.555356 0.830264 0.754905 -0.585518
0.787449 0.270991 0.00581012 -0.558498 0.817515 0.743312 -0.576527
0.790312 0.280854 0.00571901 -0.561658 0.804696 0.731657 -0.567487
0.793184 0.290749 0.00562761 -0.564828 0.791835 0.719964 -0.558418
0.796058 0.300655 0.00553611 -0.568001 0.778961 0.708258 -0.549338
0.79893 0.31055 0.00544471 -0.571171 0.766101 0.696565 -0.540269
0.801793 0.320413 0.00535361 -0.57433 0.753282 0.68491 -0.531229
0.80464 0.330223 0.005263 -0.577473 0.740532 0.673317 -0.522238
0.807465 0.339958 0.00517307 -0.580592 0.727879 0.661813 -0.513315
0.810262 0.349597 0.00508404 -0.58368 0.715351 0.650422 -0.504479
0.813026 0.35912 0.00499608 -0.58673 0.702975 0.639169 -0.495752
0.815749 0.368503 0.0049094 -0.589736 0.690779 0.62808 -0.487151
0.818426 0.377727 0.0048242 -0.592691 0.678791 0.61718 -0.478696
0.821051 0.38677 0.00474067 -0.595588 0.667038 0.606493 -0.470408
0.823617 0.395611 0.00465901 -0.59842 0.655547 0.596046 -0.462305
0.826117 0.404228 0.00457941 -0.601181 0.644348 0.585863 -0.454407
0.828547 0.4126 0.00450208 -0.603863 0.633467 0.57597 -0.446733
0.8309 0.420706 0.00442721 -0.606459 0.622932 0.566391 -0.439303
0.833169 0.428525 0.00435499 -0.608964 0.61277 0.557152 -0.432137
0.835348 0.436034 0.00428562 -0.61137 0.60301 0.548278 -0.425254
0.837432 0.443214 0.00421931 -0.613669 0.593679 0.539793 -0.418674
0.839413 0.450042 0.00415624 -0.615857 0.584805 0.531725 -0.412416
0.841287 0.456497 0.00409661 -0.617925 0.576415 0.524096 -0.406499
0.843046 0.462558 0.00404062 -0.619866 0.568537 0.516934 -0.400944
0.844684 0.468204 0.00398847 -0.621675 0.5612 0.510262 -0.395769
0.846196 0.473413 0.00394035 -0.623344 0.554429 0.504106 -0.390994
0.847575 0.478165 0.00389647 -0.624866 0.548254 0.498491 -0.386639
0.848815 0.482437 0.003857 -0.626235 0.542701 0.493443 -0.382723
0.84991 0.486208 0.00382217 -0.627443 0.537799 0.488986 -0.379267
0.850853 0.489458 0.00379215 -0.628484 0.533576 0.485145 -0.376288
0.851638 0.492165 0.00376715 -0.629351 0.530058 0.481947 -0.373807
0.85226 0.494307 0.00374736 -0.630037 0.527274 0.479415 -0.371843
0.852712 0.495864 0.00373298 -0.630536 0.52525 0.477576 -0.370417
0.852987 0.496813 0.00372421 -0.63084 0.524016 0.476454 -0.369546
0.853081 0.497135 0.00372124 -0.630943 0.523599 0.476074 -0.369252
0.853174 0.497456 0.00371827 -0.631046 0.523181 0.475694 -0.368958
0.85345 0.498405 0.0037095 -0.63135 0.521947 0.474572 -0.368087
0.853901 0.499962 0.00369513 -0.631849 0.519924 0.472733 -0.36666
0.854523 0.502104 0.00367534 -0.632535 0.51714 0.470201 -0.364697
0.855309 0.504811 0.00365034 -0.633402 0.513622 0.467003 -0.362216
0.856252 0.508061 0.00362032 -0.634443 0.509398 0.463162 -0.359237
0.857346 0.511832 0.00358548 -0.635651 0.504496 0.458705 -0.35578
0.858586 0.516105 0.00354602 -0.63702 0.498944 0.453657 -0.351865
0.859965 0.520856 0.00350213 -0.638542 0.492768 0.448042 -0.34751
0.861477 0.526065 0.00345401 -0.640211 0.485998 0.441886 -0.342735
0.863115 0.531711 0.00340186 -0.642019 0.47866 0.435214 -0.33756
0.864875 0.537772 0.00334587 -0.643961 0.470782 0.428051 -0.332005
0.866748 0.544228 0.00328625 -0.646029 0.462393 0.420423 -0.326088
0.86873 0.551056 0.00322318 -0.648216 0.453518 0.412354 -0.31983
0.870813 0.558235 0.00315686 -0.650516 0.444187 0.40387 -0.313249
0.872993 0.565745 0.0030875 -0.652922 0.434427 0.394996 -0.306367
0.875262 0.573563 0.00301528 -0.655427 0.424266 0.385757 -0.2992
0.877614 0.581669 0.0029404 -0.658023 0.413731 0.376178 -0.291771
0.880044 0.590041 0.00286307 -0.660705 0.40285 0.366285 -0.284097
0.882545 0.598658 0.00278348 -0.663466 0.39165 0.356102 -0.276199
0.885111 0.607499 0.00270181 -0.666298 0.38016 0.345654 -0.268096
0.887735 0.616542 0.00261828 -0.669195 0.368407 0.334968 -0.259808
0.890412 0.625766 0.00253308 -0.67215 0.356418 0.324068 -0.251353
0.893135 0.63515 0.0024464 -0.675156 0.344222 0.312979 -0.242752
0.895899 0.644672 0.00235845 -0.678206 0.331846 0.301726 -0.234024
0.898696 0.654311 0.00226941 -0.681294 0.319318 0.290335 -0.225189
0.901522 0.664047 0.00217949 -0.684413 0.306665 0.278831 -0.216266
0.904369 0.673856 0.00208887 -0.687555 0.293916 0.267238 -0.207275
0.907231 0.68372 0.00199777 -0.690715 0.281097 0.255583 -0.198235
0.910103 0.693615 0.00190637 -0.693885 0.268237 0.24389 -0.189166
0.912978 0.70352 0.00181487 -0.697058 0.255362 0.232184 -0.180086
0.915849 0.713415 0.00172347 -0.700228 0.242502 0.220491 -0.171017
0.918712 0.723278 0.00163237 -0.703388 0.229683 0.208836 -0.161977
0.921559 0.733088 0.00154176 -0.70653 0.216933 0.197243 -0.152986
0.924384 0.742823 0.00145183 -0.709649 0.204281 0.185739 -0.144063
0.927182 0.752463 0.00136279 -0.712737 0.191752 0.174348 -0.135227
0.929945 0.761985 0.00127484 -0.715787 0.179376 0.163095 -0.1265
0.932669 0.771369 0.00118816 -0.718793 0.16718 0.152006 -0.117899
0.935346 0.780593 0.00110296 -0.721748 0.155192 0.141106 -0.109444
0.93797 0.789636 0.00101943 -0.724645 0.143439 0.13042 -0.101156
0.940536 0.798477 0.000937766 -0.727477 0.131949 0.119972 -0.0930528
0.943037 0.807094 0.000858171 -0.730238 0.120749 0.109789 -0.0851547
0.945467 0.815466 0.000780838 -0.73292 0.109868 0.0998958 -0.0774811
0.947819 0.823572 0.000705964 -0.735516 0.0993329 0.0903169 -0.0700515
0.950088 0.83139 0.000633746 -0.738021 0.0891715 0.0810778 -0.0628855
0.952267 0.8389 0.000564381 -0.740427 0.0794114 0.0722036 -0.0560025
0.954351 0.846079 0.000498065 -0.742727 0.0700805 0.0637195 -0.0494221
0.956333 0.852907 0.000434995 -0.744914 0.0612062 0.0556508 -0.0431638
0.958206 0.859362 0.000375369 -0.746982 0.0528164 0.0480225 -0.0372471
0.959965 0.865423 0.000319381 -0.748923 0.0449387 0.0408598 -0.0316916
0.961604 0.871069 0.00026723 -0.750732 0.0376008 0.0341879 -0.0265168
0.963116 0.876279 0.000219113 -0.752401 0.0308303 0.028032 -0.0217421
0.964495 0.88103 0.000175225 -0.753923 0.024655 0.0224172 -0.0173872
0.965734 0.885302 0.000135763 -0.755292 0.0191026 0.0173687 -0.0134715
0.966829 0.889074 0.000100925 -0.7565 0.0142006 0.0129117 -0.0100146
0.967772 0.892324 7.09062e-05 -0.757541 0.00997689 0.00907133 -0.0070359
0.968558 0.89503 4.59046e-05 -0.758408 0.00645903 0.00587277 -0.00455503
0.969179 0.897173 2.61165e-05 -0.759094 0.00367473 0.00334119 -0.00259149
0.969631 0.898729 1.17385e-05 -0.759593 0.00165167 0.00150175 -0.00116479
0.969907 0.899679 2.96741e-06 -0.759897 0.00041753 0.000379633 -0.00029445
