-1.95352e-05 0.000230177 -3.45164e-05 -0.000505292 -4.0626e-06 0.000289358 -2.61083e-06
-7.76162e-05 0.00091453 -0.000137139 -0.0020076 -1.61414e-05 0.00114967 -1.03732e-05
-0.000173456 0.00204379 -0.000306478 -0.00448658 -3.60727e-05 0.00256927 -2.31821e-05
-0.000306269 0.00360869 -0.000541144 -0.00792189 -6.36929e-05 0.00453652 -4.09323e-05
-0.000475268 0.00559995 -0.000839746 -0.0122932 -9.88385e-05 0.00703976 -6.35186e-05
-0.000679666 0.00800832 -0.00120089 -0.0175801 -0.000141346 0.0100673 -9.0836e-05
-0.000918677 0.0108245 -0.0016232 -0.0237623 -0.000191051 0.0136076 -0.000122779
-0.00119151 0.0140393 -0.00210527 -0.0308194 -0.000247792 0.0176489 -0.000159243
-0.00149739 0.0176433 -0.00264572 -0.0387311 -0.000311403 0.0221796 -0.000200123
-0.00183552 0.0216274 -0.00324316 -0.0474771 -0.000381721 0.027188 -0.000245313
-0.00220511 0.0259822 -0.00389619 -0.0570369 -0.000458583 0.0326625 -0.000294709
-0.00260539 0.0306985 -0.00460343 -0.0673903 -0.000541826 0.0385915 -0.000348205
-0.00303555 0.0357671 -0.00536349 -0.0785169 -0.000631285 0.0449632 -0.000405696
-0.00349483 0.0411786 -0.00617497 -0.0903964 -0.000726797 0.051766 -0.000467077
-0.00398242 0.0469237 -0.00703649 -0.103008 -0.000828199 0.0589883 -0.000532242
-0.00449754 0.0529933 -0.00794666 -0.116332 -0.000935326 0.0666184 -0.000601088
-0.00503941 0.059378 -0.00890408 -0.130348 -0.00104802 0.0746447 -0.000673508
-0.00560724 0.0660686 -0.00990738 -0.145036 -0.0011661 0.0830555 -0.000749397
-0.00620025 0.0730558 -0.0109551 -0.160374 -0.00128943 0.0918392 -0.000828651
-0.00681764 0.0803303 -0.012046 -0.176343 -0.00141782 0.100984 -0.000911164
-0.00745863 0.0878829 -0.0131786 -0.192923 -0.00155112 0.110479 -0.000996831
-0.00812243 0.0957043 -0.0143514 -0.210093 -0.00168917 0.120311 -0.00108555
-0.00880826 0.103785 -0.0155632 -0.227832 -0.0018318 0.13047 -0.00117721
-0.00951532 0.112116 -0.0168125 -0.246121 -0.00197884 0.140943 -0.0012717
-0.0102428 0.120689 -0.018098 -0.264939 -0.00213014 0.151719 -0.00136894
-0.01099 0.129492 -0.0194182 -0.284266 -0.00228553 0.162786 -0.0014688
-0.0117561 0.138519 -0.0207717 -0.304081 -0.00244484 0.174133 -0.00157118
-0.0125403 0.147758 -0.0221572 -0.324363 -0.00260792 0.185749 -0.00167598
-0.0133417 0.157202 -0.0235733 -0.345094 -0.0027746 0.19762 -0.00178309
-0.0141597 0.16684 -0.0250186 -0.366252 -0.00294471 0.209736 -0.00189242
-0.0149934 0.176663 -0.0264917 -0.387817 -0.00311809 0.222085 -0.00200384
-0.0158421 0.186663 -0.0279912 -0.409768 -0.00329458 0.234656 -0.00211726
-0.0167049 0.196829 -0.0295157 -0.432086 -0.00347402 0.247436 -0.00223258
-0.0175811 0.207153 -0.0310639 -0.454749 -0.00365623 0.260415 -0.00234968
-0.0184699 0.217626 -0.0326343 -0.477738 -0.00384107 0.27358 -0.00246847
-0.0193705 0.228237 -0.0342255 -0.501032 -0.00402836 0.286919 -0.00258883
-0.0202821 0.238978 -0.0358362 -0.524612 -0.00421794 0.300422 -0.00271066
-0.0212039 0.24984 -0.0374649 -0.548455 -0.00440964 0.314076 -0.00283386
-0.0221352 0.260812 -0.0391104 -0.572543 -0.00460331 0.32787 -0.00295832
-0.0230751 0.271887 -0.0407711 -0.596855 -0.00479878 0.341792 -0.00308394
-0.0240229 0.283055 -0.0424457 -0.62137 -0.00499589 0.355831 -0.00321061
-0.0249777 0.294306 -0.0441329 -0.646068 -0.00519446 0.369975 -0.00333822
-0.0259389 0.305631 -0.0458311 -0.670929 -0.00539435 0.384212 -0.00346668
-0.0269055 0.317021 -0.0475391 -0.695933 -0.00559538 0.39853 -0.00359587
-0.0278769 0.328466 -0.0492554 -0.721058 -0.00579739 0.412918 -0.0037257
-0.0288522 0.339958 -0.0509787 -0.746285 -0.00600022 0.427365 -0.00385604
-0.0298307 0.351487 -0.0527075 -0.771594 -0.00620371 0.441858 -0.00398681
-0.0308115 0.363044 -0.0544405 -0.796964 -0.00640768 0.456386 -0.0041179
-0.0317939 0.374619 -0.0561763 -0.822374 -0.00661198 0.470937 -0.00424919
-0.0327771 0.386203 -0.0579135 -0.847805 -0.00681645 0.485501 -0.00438059
-0.0337603 0.397788 -0.0596507 -0.873236 -0.00702092 0.500064 -0.004512
-0.0347427 0.409363 -0.0613865 -0.898646 -0.00722522 0.514615 -0.00464329
-0.0357235 0.42092 -0.0631195 -0.924016 -0.00742919 0.529143 -0.00477438
-0.036702 0.432449 -0.0648483 -0.949325 -0.00763268 0.543636 -0.00490514
-0.0376773 0.443941 -0.0665716 -0.974552 -0.00783551 0.558083 -0.00503549
-0.0386487 0.455386 -0.0682879 -0.999677 -0.00803752 0.572471 -0.00516532
-0.0396153 0.466776 -0.0699959 -1.02468 -0.00823855 0.586789 -0.00529451
-0.0405765 0.478101 -0.0716941 -1.04954 -0.00843844 0.601026 -0.00542297
-0.0415313 0.489352 -0.0733813 -1.07424 -0.00863701 0.61517 -0.00555058
-0.0424791 0.50052 -0.0750559 -1.09876 -0.00883412 0.629209 -0.00567725
-0.043419 0.511595 -0.0767166 -1.12307 -0.00902959 0.643131 -0.00580287
-0.0443503 0.522567 -0.0783621 -1.14715 -0.00922326 0.656925 -0.00592733
-0.0452721 0.533429 -0.0799908 -1.171 -0.00941496 0.670579 -0.00605053
-0.0461837 0.54417 -0.0816015 -1.19458 -0.00960454 0.684082 -0.00617236
-0.0470843 0.554781 -0.0831927 -1.21787 -0.00979183 0.697421 -0.00629272
-0.0479731 0.565254 -0.0847631 -1.24086 -0.00997667 0.710586 -0.00641151
-0.0488493 0.575578 -0.0863113 -1.26352 -0.0101589 0.723565 -0.00652861
-0.0497121 0.585744 -0.0878358 -1.28584 -0.0103383 0.736345 -0.00664393
-0.0505608 0.595744 -0.0893353 -1.30779 -0.0105148 0.748916 -0.00675735
-0.0513945 0.605567 -0.0908084 -1.32936 -0.0106882 0.761265 -0.00686877
-0.0522125 0.615205 -0.0922537 -1.35052 -0.0108583 0.773381 -0.0069781
-0.0530139 0.624649 -0.0936698 -1.37125 -0.011025 0.785252 -0.00708521
-0.0537981 0.633888 -0.0950553 -1.39153 -0.0111881 0.796868 -0.00719001
-0.0545642 0.642915 -0.0964088 -1.41134 -0.0113474 0.808215 -0.00729239
-0.0553114 0.651718 -0.097729 -1.43067 -0.0115028 0.819282 -0.00739225
-0.0560389 0.660291 -0.0990145 -1.44949 -0.0116541 0.830058 -0.00748949
-0.0567459 0.668622 -0.100264 -1.46778 -0.0118011 0.840532 -0.00758398
-0.0574318 0.676703 -0.101476 -1.48552 -0.0119437 0.85069 -0.00767564
-0.0580956 0.684524 -0.102648 -1.50269 -0.0120818 0.860522 -0.00776436
-0.0587366 0.692077 -0.103781 -1.51927 -0.0122151 0.870017 -0.00785003
-0.059354 0.699351 -0.104872 -1.53524 -0.0123435 0.879162 -0.00793254
-0.059947 0.706338 -0.10592 -1.55057 -0.0124668 0.887945 -0.00801179
-0.0605148 0.713029 -0.106923 -1.56526 -0.0125849 0.896356 -0.00808768
-0.0610567 0.719414 -0.10788 -1.57928 -0.0126976 0.904383 -0.0081601
-0.0615718 0.725483 -0.108791 -1.5926 -0.0128047 0.912013 -0.00822895
-0.0620594 0.731228 -0.109652 -1.60521 -0.0129061 0.919235 -0.00829411
-0.0625186 0.73664 -0.110464 -1.61709 -0.0130016 0.926038 -0.00835549
-0.0629488 0.741708 -0.111224 -1.62822 -0.0130911 0.93241 -0.00841299
-0.0633491 0.746425 -0.111931 -1.63857 -0.0131743 0.938339 -0.00846648
-0.0637187 0.75078 -0.112584 -1.64813 -0.0132512 0.943813 -0.00851588
-0.0640568 0.754764 -0.113181 -1.65688 -0.0133215 0.948821 -0.00856107
-0.0643627 0.758368 -0.113722 -1.66479 -0.0133851 0.953352 -0.00860195
-0.0646355 0.761582 -0.114204 -1.67185 -0.0134418 0.957393 -0.00863841
-0.0648745 0.764399 -0.114626 -1.67803 -0.0134916 0.960934 -0.00867035
-0.0650789 0.766807 -0.114987 -1.68332 -0.0135341 0.963961 -0.00869767
-0.0652479 0.768798 -0.115286 -1.68769 -0.0135692 0.966465 -0.00872026
-0.0653807 0.770363 -0.115521 -1.69112 -0.0135968 0.968432 -0.00873801
-0.0654766 0.771492 -0.11569 -1.6936 -0.0136168 0.969851 -0.00875082
-0.0655347 0.772177 -0.115792 -1.6951 -0.0136288 0.970712 -0.00875858
-0.0655542 0.772407 -0.115827 -1.69561 -0.0136329 0.971001 -0.00876119
-0.0654049 0.772406 -0.115844 -1.69561 -0.0138262 0.971015 -0.00863197
-0.0654049 0.772406 -0.115844 -1.69561 -0.0138262 0.971015 -0.00863197
-0.0642283 0.772396 -0.115977 -1.69561 -0.0153495 0.97113 -0.00761289
-0.0632131 0.772386 -0.116092 -1.6956 -0.0166636 0.971229 -0.00673372
-0.0619213 0.772371 -0.116239 -1.69559 -0.0183354 0.971353 -0.00561518
-0.0603589 0.772351 -0.116416 -1.69557 -0.0203569 0.971503 -0.00426254
-0.0585318 0.772325 -0.116623 -1.69553 -0.0227198 0.971678 -0.00268111
-0.0564461 0.77229 -0.11686 -1.69549 -0.0254163 0.971875 -0.000876206
-0.0541077 0.772245 -0.117126 -1.69542 -0.028438 0.972093 0.00114687
-0.0515227 0.772188 -0.117419 -1.69533 -0.0317767 0.972332 0.00338282
-0.0486972 0.772117 -0.117741 -1.69521 -0.0354242 0.972591 0.00582635
-0.0456372 0.772031 -0.11809 -1.69506 -0.0393722 0.972867 0.00847222
-0.0423487 0.771926 -0.118465 -1.69488 -0.0436124 0.973159 0.0113152
-0.038838 0.771801 -0.118865 -1.69465 -0.0481363 0.973466 0.01435
-0.0351112 0.771653 -0.119291 -1.69437 -0.0529355 0.973786 0.0175716
-0.0311744 0.77148 -0.119742 -1.69403 -0.0580016 0.974118 0.0209748
-0.027034 0.77128 -0.120217 -1.69364 -0.0633261 0.974461 0.0245545
-0.0226961 0.771049 -0.120714 -1.69318 -0.0689004 0.974812 0.0283057
-0.0181671 0.770786 -0.121235 -1.69266 -0.074716 0.97517 0.0322234
-0.0134533 0.770487 -0.121778 -1.69205 -0.0807644 0.975534 0.0363028
-0.00856122 0.770151 -0.122342 -1.69136 -0.0870368 0.975902 0.0405389
-0.00349726 0.769775 -0.122927 -1.69058 -0.0935246 0.976272 0.044927
0.00173207 0.769356 -0.123532 -1.68971 -0.100219 0.976644 0.0494624
0.00712022 0.768892 -0.124157 -1.68874 -0.107112 0.977015 0.0541403
0.0126606 0.76838 -0.1248 -1.68767 -0.114194 0.977384 0.0589563
0.0183465 0.767818 -0.125462 -1.68648 -0.121456 0.977749 0.0639057
0.0241713 0.767205 -0.126141 -1.68518 -0.128891 0.97811 0.0689841
0.0301282 0.766537 -0.126837 -1.68375 -0.136488 0.978465 0.0741871
0.0362105 0.765813 -0.127549 -1.6822 -0.14424 0.978812 0.0795103
0.0424114 0.765031 -0.128276 -1.68053 -0.152137 0.97915 0.0849495
0.0487239 0.764188 -0.129018 -1.67871 -0.160171 0.979478 0.0905003
0.0551413 0.763284 -0.129774 -1.67676 -0.168333 0.979795 0.0961587
0.061657 0.762315 -0.130544 -1.67467 -0.176615 0.980099 0.101921
0.0682635 0.761282 -0.131326 -1.67243 -0.185006 0.98039 0.107782
0.0749541 0.760183 -0.132119 -1.67005 -0.1935 0.980667 0.113738
0.0817219 0.759016 -0.132924 -1.66751 -0.202087 0.980929 0.119785
0.08856 0.75778 -0.133739 -1.66482 -0.210758 0.981174 0.125919
0.0954615 0.756475 -0.134564 -1.66198 -0.219505 0.981402 0.132137
0.102419 0.755099 -0.135397 -1.65898 -0.228319 0.981613 0.138433
0.109427 0.753652 -0.136239 -1.65582 -0.237192 0.981806 0.144804
0.116477 0.752134 -0.137088 -1.6525 -0.246115 0.981979 0.151246
0.123564 0.750544 -0.137944 -1.64902 -0.255081 0.982133 0.157755
0.130679 0.748883 -0.138805 -1.64538 -0.26408 0.982268 0.164327
0.137817 0.747149 -0.139672 -1.64159 -0.273104 0.982382 0.170958
0.144971 0.745345 -0.140543 -1.63763 -0.282146 0.982475 0.177643
0.152133 0.74347 -0.141418 -1.63352 -0.291196 0.982548 0.184379
0.159299 0.741524 -0.142296 -1.62925 -0.300248 0.982601 0.191161
0.16646 0.739509 -0.143177 -1.62483 -0.309293 0.982632 0.197985
0.173611 0.737426 -0.144058 -1.62026 -0.318324 0.982642 0.204846
0.180746 0.735276 -0.144941 -1.61554 -0.327332 0.982632 0.21174
0.187858 0.73306 -0.145824 -1.61068 -0.336311 0.9826 0.218663
0.19494 0.730781 -0.146706 -1.60568 -0.345252 0.982549 0.22561
0.201988 0.728439 -0.147588 -1.60054 -0.354149 0.982477 0.232575
0.208995 0.726037 -0.148467 -1.59527 -0.362994 0.982385 0.239555
0.215955 0.723578 -0.149344 -1.58987 -0.37178 0.982273 0.246545
0.222862 0.721063 -0.150217 -1.58435 -0.3805 0.982143 0.253539
0.229712 0.718495 -0.151087 -1.57872 -0.389148 0.981993 0.260531
0.236497 0.715878 -0.151953 -1.57298 -0.397716 0.981826 0.267518
0.243214 0.713214 -0.152813 -1.56713 -0.406197 0.981641 0.274493
0.249856 0.710506 -0.153667 -1.5612 -0.414587 0.981439 0.281451
0.256419 0.707759 -0.154516 -1.55518 -0.422877 0.981221 0.288386
0.262897 0.704975 -0.155357 -1.54908 -0.431061 0.980987 0.295292
0.269285 0.702158 -0.15619 -1.5429 -0.439135 0.980739 0.302163
0.275579 0.699313 -0.157015 -1.53667 -0.447091 0.980477 0.308993
0.281773 0.696443 -0.157831 -1.53039 -0.454923 0.980201 0.315777
0.287863 0.693554 -0.158638 -1.52407 -0.462626 0.979914 0.322506
0.293845 0.690649 -0.159434 -1.51771 -0.470194 0.979615 0.329175
0.299713 0.687734 -0.16022 -1.51134 -0.477621 0.979306 0.335776
0.305464 0.684813 -0.160994 -1.50495 -0.484903 0.978987 0.342304
0.311094 0.681892 -0.161756 -1.49857 -0.492032 0.97866 0.348751
0.316597 0.678975 -0.162505 -1.4922 -0.499004 0.978326 0.355109
0.321969 0.676069 -0.16324 -1.48585 -0.505814 0.977986 0.361371
0.327208 0.673179 -0.163961 -1.47954 -0.512456 0.977641 0.367529
0.332308 0.67031 -0.164667 -1.47329 -0.518925 0.977292 0.373577
0.337265 0.667468 -0.165358 -1.46709 -0.525216 0.97694 0.379505
0.342076 0.664661 -0.166032 -1.46097 -0.531324 0.976587 0.385307
0.346737 0.661892 -0.166689 -1.45493 -0.537243 0.976233 0.390973
0.351243 0.65917 -0.167327 -1.449 -0.542969 0.975881 0.396496
0.355592 0.6565 -0.167947 -1.44319 -0.548496 0.97553 0.401867
0.359778 0.653889 -0.168548 -1.4375 -0.55382 0.975183 0.407078
0.363799 0.651343 -0.169128 -1.43196 -0.558936 0.974841 0.41212
0.367651 0.648869 -0.169686 -1.42658 -0.563838 0.974505 0.416984
0.371329 0.646473 -0.170223 -1.42137 -0.568522 0.974177 0.421661
0.37483 0.644162 -0.170736 -1.41634 -0.572981 0.973857 0.426143
0.378151 0.641943 -0.171226 -1.41152 -0.577213 0.973547 0.430421
0.381286 0.639823 -0.171691 -1.40691 -0.58121 0.973248 0.434486
0.384234 0.637808 -0.172129 -1.40254 -0.584969 0.972963 0.438329
0.386988 0.635905 -0.172542 -1.3984 -0.588483 0.972691 0.44194
0.389547 0.63412 -0.172926 -1.39453 -0.591748 0.972435 0.445312
0.391905 0.63246 -0.173282 -1.39092 -0.594759 0.972195 0.448434
0.394059 0.630931 -0.173608 -1.38761 -0.597509 0.971973 0.451299
0.396005 0.62954 -0.173904 -1.38459 -0.599994 0.97177 0.453897
0.397738 0.628292 -0.174169 -1.38188 -0.602209 0.971587 0.45622
0.399255 0.627194 -0.174401 -1.3795 -0.604147 0.971426 0.458259
0.400551 0.626251 -0.174599 -1.37745 -0.605803 0.971286 0.460006
0.401621 0.625469 -0.174764 -1.37575 -0.607171 0.971171 0.461453
0.402462 0.624852 -0.174893 -1.37442 -0.608246 0.971079 0.462591
0.402462 0.624852 -0.174893 -1.37442 -0.608246 0.971079 0.462591
0.403435 0.624135 -0.175043 -1.37286 -0.609491 0.970973 0.463911
0.403435 0.624135 -0.175043 -1.37286 -0.609491 0.970973 0.463911
0.403435 0.624135 -0.175043 -1.37286 -0.609491 0.970973 0.463911
0.403435 0.624135 -0.175043 -1.37286 -0.609491 0.970973 0.463911
0.403508 0.625594 -0.175164 -1.37273 -0.610503 0.969818 0.465216
0.40347 0.626779 -0.175241 -1.37277 -0.611159 0.968943 0.46609
0.403422 0.628285 -0.175338 -1.37282 -0.611997 0.967827 0.467205
0.403364 0.630103 -0.175454 -1.37287 -0.613015 0.966476 0.468557
0.403298 0.632225 -0.175588 -1.37292 -0.614211 0.964891 0.470146
0.403224 0.634642 -0.175738 -1.37297 -0.615585 0.963078 0.471967
0.403142 0.637344 -0.175904 -1.373 -0.617135 0.961038 0.47402
0.403054 0.640322 -0.176084 -1.37302 -0.618863 0.958777 0.476303
0.40296 0.643566 -0.176277 -1.37301 -0.620766 0.956296 0.478814
0.402861 0.647066 -0.17648 -1.37298 -0.622847 0.953598 0.481553
0.402759 0.650813 -0.176692 -1.37291 -0.625104 0.950688 0.48452
0.402654 0.654796 -0.176911 -1.37279 -0.62754 0.947567 0.487713
0.402547 0.659005 -0.177136 -1.37263 -0.630155 0.944239 0.491134
0.40244 0.66343 -0.177364 -1.3724 -0.63295 0.940707 0.494781
0.402333 0.668059 -0.177593 -1.37212 -0.635926 0.936974 0.498655
0.402227 0.672883 -0.177822 -1.37175 -0.639086 0.933043 0.502757
0.402125 0.677891 -0.178047 -1.37131 -0.642431 0.928917 0.507088
0.402027 0.683071 -0.178268 -1.37078 -0.645963 0.9246 0.511647
0.401934 0.688414 -0.178481 -1.37016 -0.649685 0.920096 0.516437
0.401847 0.693907 -0.178685 -1.36943 -0.653599 0.915407 0.521459
0.401769 0.699541 -0.178877 -1.36859 -0.657706 0.910539 0.526713
0.4017 0.705303 -0.179055 -1.36763 -0.662011 0.905494 0.532202
0.401641 0.711184 -0.179215 -1.36655 -0.666515 0.900277 0.537928
0.401594 0.717171 -0.179357 -1.36533 -0.671222 0.894892 0.543891
0.401561 0.723255 -0.179477 -1.36397 -0.676135 0.889345 0.550094
0.401542 0.729424 -0.179573 -1.36247 -0.681256 0.88364 0.556539
0.401539 0.735667 -0.179643 -1.36081 -0.686589 0.877783 0.563228
0.401554 0.741974 -0.179683 -1.359 -0.692138 0.871778 0.570163
0.401587 0.748333 -0.179693 -1.35702 -0.697905 0.865632 0.577347
0.40164 0.754734 -0.17967 -1.35487 -0.703893 0.859351 0.584782
0.401714 0.761166 -0.179611 -1.35254 -0.710107 0.85294 0.592469
0.40181 0.767619 -0.179514 -1.35003 -0.71655 0.846407 0.600413
0.40193 0.774083 -0.179377 -1.34734 -0.723225 0.839758 0.608614
0.402075 0.780547 -0.179199 -1.34446 -0.730136 0.833001 0.617077
0.402245 0.787001 -0.178977 -1.34139 -0.737286 0.826142 0.625802
0.402442 0.793435 -0.178711 -1.33811 -0.744679 0.81919 0.634794
0.402666 0.799841 -0.178398 -1.33464 -0.752317 0.812153 0.644054
0.402918 0.806208 -0.178037 -1.33097 -0.760204 0.805039 0.653584
0.403199 0.812526 -0.177628 -1.3271 -0.768344 0.797857 0.663387
0.403509 0.818788 -0.17717 -1.32302 -0.776738 0.790615 0.673465
0.403848 0.824984 -0.176661 -1.31874 -0.785391 0.783323 0.683821
0.404217 0.831106 -0.176103 -1.31425 -0.794304 0.77599 0.694456
0.404616 0.837146 -0.175496 -1.30956 -0.80348 0.768626 0.705373
0.405045 0.843095 -0.174839 -1.30465 -0.81292 0.76124 0.716573
0.405502 0.848946 -0.174134 -1.29955 -0.822627 0.753844 0.728056
0.405988 0.854692 -0.173383 -1.29424 -0.832601 0.746448 0.739825
0.406502 0.860325 -0.172587 -1.28873 -0.842844 0.739061 0.75188
0.407042 0.86584 -0.171748 -1.28302 -0.853355 0.731696 0.764221
0.407608 0.87123 -0.17087 -1.27712 -0.864134 0.724363 0.776847
0.408196 0.876488 -0.169955 -1.27102 -0.875179 0.717073 0.789759
0.408807 0.88161 -0.169008 -1.26474 -0.886489 0.709839 0.802954
0.409437 0.886589 -0.168034 -1.25828 -0.898062 0.702671 0.816431
0.410084 0.891423 -0.167036 -1.25163 -0.909892 0.695582 0.830186
0.410745 0.896105 -0.166021 -1.24482 -0.921975 0.688583 0.844216
0.411417 0.900632 -0.164996 -1.23784 -0.934306 0.681687 0.858515
0.412097 0.905 -0.163966 -1.2307 -0.946877 0.674904 0.873078
0.412781 0.909207 -0.16294 -1.22341 -0.959678 0.668248 0.887897
0.413465 0.91325 -0.161925 -1.21598 -0.9727 0.661729 0.902964
0.414146 0.917126 -0.16093 -1.20841 -0.985932 0.655361 0.918269
0.41482 0.920833 -0.159962 -1.20072 -0.999359 0.649153 0.9338
0.41548 0.92437 -0.159033 -1.19291 -1.01297 0.643118 0.949544
0.416125 0.927737 -0.15815 -1.185 -1.02674 0.637267 0.965484
0.416748 0.930933 -0.157324 -1.17699 -1.04065 0.631609 0.981605
0.417346 0.933958 -0.156563 -1.1689 -1.05468 0.626156 0.997886
0.417914 0.936812 -0.155877 -1.16074 -1.06882 0.620915 1.01431
0.418447 0.939497 -0.155276 -1.15253 -1.08303 0.615897 1.03084
0.418944 0.942013 -0.154767 -1.14427 -1.09728 0.611107 1.04747
0.419398 0.944364 -0.154358 -1.13598 -1.11156 0.606554 1.06415
0.419808 0.946551 -0.154057 -1.12767 -1.12582 0.602243 1.08087
0.420171 0.948577 -0.153869 -1.11937 -1.14004 0.598177 1.09759
0.420485 0.950445 -0.153798 -1.11108 -1.15417 0.59436 1.11427
0.420748 0.95216 -0.153849 -1.10282 -1.1682 0.590794 1.13087
0.42096 0.953726 -0.154024 -1.09462 -1.18208 0.587479 1.14737
0.42112 0.955148 -0.154321 -1.08648 -1.19577 0.584413 1.16371
0.421229 0.95643 -0.154739 -1.07843 -1.20924 0.581594 1.17985
0.421289 0.957579 -0.155276 -1.07048 -1.22246 0.579016 1.19577
0.421301 0.9586 -0.155925 -1.06266 -1.23537 0.576675 1.2114
0.421268 0.9595 -0.15668 -1.05499 -1.24796 0.574563 1.2267
0.421194 0.960286 -0.157533 -1.04748 -1.26019 0.572671 1.24164
0.421082 0.960965 -0.158472 -1.04015 -1.27202 0.570989 1.25617
0.420936 0.961544 -0.159486 -1.03304 -1.28341 0.569506 1.27024
0.420762 0.96203 -0.160562 -1.02615 -1.29435 0.56821 1.28381
0.420563 0.962432 -0.161686 -1.01952 -1.30479 0.567089 1.29684
0.420345 0.962758 -0.162844 -1.01316 -1.31471 0.566128 1.30928
0.420114 0.963015 -0.164019 -1.0071 -1.32409 0.565315 1.32109
0.419874 0.963211 -0.165196 -1.00136 -1.33289 0.564634 1.33224
0.419631 0.963355 -0.166358 -0.995958 -1.3411 0.564073 1.34268
0.41939 0.963454 -0.167489 -0.990923 -1.34869 0.563616 1.35239
0.419154 0.963516 -0.168574 -0.986274 -1.35564 0.563251 1.36131
0.41893 0.963549 -0.169597 -0.982035 -1.36194 0.562965 1.36942
0.41872 0.963558 -0.170542 -0.978224 -1.36755 0.562744 1.37669
0.418529 0.963552 -0.171397 -0.974864 -1.37248 0.562579 1.38308
0.418361 0.963535 -0.172147 -0.971974 -1.37669 0.562458 1.38856
0.418218 0.963513 -0.172781 -0.969573 -1.38017 0.562372 1.3931
0.418103 0.963491 -0.173287 -0.967679 -1.3829 0.562314 1.39667
0.418103 0.963491 -0.173287 -0.967679 -1.3829 0.562314 1.39667
0.417968 0.96346 -0.173884 -0.965475 -1.38607 0.562256 1.40083
0.417968 0.96346 -0.173884 -0.965475 -1.38607 0.562256 1.40083
0.417968 0.96346 -0.173884 -0.965475 -1.38607 0.562256 1.40083
0.417968 0.96346 -0.173884 -0.965475 -1.38607 0.562256 1.40083
0.416839 0.964758 -0.173636 -0.967281 -1.38541 0.561153 1.39964
0.415987 0.965752 -0.173388 -0.968872 -1.38458 0.560312 1.39834
0.414903 0.967013 -0.173074 -0.970889 -1.38353 0.559243 1.39667
0.413591 0.968533 -0.172696 -0.973318 -1.38226 0.557948 1.39467
0.412056 0.970302 -0.172255 -0.976144 -1.38077 0.556432 1.39232
0.410301 0.972312 -0.171756 -0.979349 -1.37907 0.5547 1.38965
0.408333 0.974551 -0.171199 -0.982918 -1.37715 0.552756 1.38665
0.406155 0.977012 -0.170589 -0.986832 -1.37501 0.550605 1.38335
0.40377 0.979682 -0.169927 -0.991075 -1.37267 0.54825 1.37974
0.401185 0.982552 -0.169216 -0.995627 -1.37012 0.545695 1.37585
0.398401 0.985611 -0.16846 -1.00047 -1.36737 0.542946 1.37166
0.395425 0.988848 -0.167662 -1.00559 -1.3644 0.540006 1.3672
0.392258 0.992252 -0.166824 -1.01096 -1.36124 0.53688 1.36248
0.388906 0.995814 -0.165951 -1.01657 -1.35786 0.533572 1.35749
0.385372 0.999521 -0.165045 -1.0224 -1.35429 0.530086 1.35225
0.381658 1.00336 -0.164109 -1.02842 -1.35051 0.526427 1.34676
0.37777 1.00733 -0.163149 -1.03463 -1.34652 0.5226 1.34104
0.373709 1.01141 -0.162167 -1.041 -1.34233 0.518609 1.33508
0.369479 1.01559 -0.161168 -1.04751 -1.33792 0.51446 1.32889
0.365083 1.01987 -0.160156 -1.05416 -1.33331 0.510156 1.32248
0.360524 1.02422 -0.159135 -1.06091 -1.32849 0.505704 1.31585
0.355804 1.02865 -0.158111 -1.06776 -1.32345 0.501109 1.309
0.350926 1.03315 -0.157087 -1.07469 -1.31819 0.496377 1.30195
0.345892 1.03769 -0.15607 -1.08168 -1.31272 0.491513 1.29469
0.340703 1.04228 -0.155065 -1.08872 -1.30702 0.486523 1.28722
0.335362 1.04689 -0.154078 -1.09579 -1.30109 0.481414 1.27955
0.329871 1.05154 -0.153116 -1.10288 -1.29493 0.476193 1.27169
0.32423 1.0562 -0.152186 -1.10997 -1.28854 0.470866 1.26363
0.318441 1.06086 -0.151294 -1.11706 -1.28191 0.465442 1.25537
0.312504 1.06552 -0.150449 -1.12413 -1.27503 0.459926 1.24691
0.30642 1.07017 -0.149659 -1.13116 -1.26791 0.454328 1.23827
0.30019 1.0748 -0.148933 -1.13814 -1.26053 0.448656 1.22943
0.293812 1.0794 -0.148281 -1.14507 -1.25289 0.442918 1.2204
0.287287 1.08397 -0.147713 -1.15194 -1.245 0.437123 1.21118
0.280614 1.0885 -0.147238 -1.15872 -1.23683 0.431281 1.20178
0.273792 1.09298 -0.14687 -1.16542 -1.2284 0.425401 1.19219
0.266821 1.0974 -0.146619 -1.17202 -1.2197 0.419494 1.18242
0.259697 1.10176 -0.146498 -1.17852 -1.21073 0.413569 1.17246
0.25242 1.10604 -0.14652 -1.1849 -1.20147 0.407637 1.16233
0.244988 1.11026 -0.146698 -1.19116 -1.19195 0.40171 1.15203
0.237399 1.11439 -0.147045 -1.19729 -1.18214 0.395796 1.14156
0.22965 1.11843 -0.147576 -1.20329 -1.17207 0.389908 1.13093
0.221741 1.12238 -0.148304 -1.20914 -1.16173 0.384056 1.12015
0.213668 1.12623 -0.149242 -1.21485 -1.15112 0.378252 1.10922
0.20543 1.12997 -0.150404 -1.2204 -1.14026 0.372505 1.09816
0.197026 1.13361 -0.151803 -1.2258 -1.12915 0.366825 1.08699
0.188455 1.13713 -0.153451 -1.23103 -1.1178 0.361224 1.0757
0.179717 1.14054 -0.155358 -1.2361 -1.10622 0.35571 1.06433
0.170813 1.14383 -0.157534 -1.24099 -1.09443 0.350292 1.05288
0.161744 1.14699 -0.159988 -1.24571 -1.08246 0.344979 1.04137
0.152512 1.15002 -0.162727 -1.25026 -1.0703 0.339776 1.02982
0.143122 1.15292 -0.165754 -1.25462 -1.05799 0.334692 1.01825
0.133578 1.15569 -0.169072 -1.25881 -1.04555 0.329731 1.00668
0.123888 1.15831 -0.172682 -1.26281 -1.03299 0.324898 0.995142
0.114058 1.16081 -0.176582 -1.26663 -1.02035 0.320197 0.983645
0.104098 1.16316 -0.180767 -1.27027 -1.00764 0.315631 0.972213
0.094018 1.16536 -0.185231 -1.27372 -0.994903 0.3112 0.96087
0.083831 1.16743 -0.189966 -1.27699 -0.982151 0.306907 0.949636
0.07355 1.16935 -0.194959 -1.28008 -0.969414 0.302751 0.938533
0.0631897 1.17113 -0.200198 -1.28299 -0.956717 0.298731 0.92758
0.0527657 1.17277 -0.205669 -1.28571 -0.944086 0.294847 0.916796
0.0422951 1.17426 -0.211354 -1.28826 -0.931545 0.291096 0.906199
0.0317955 1.17562 -0.217235 -1.29064 -0.919118 0.287476 0.895807
0.0212856 1.17684 -0.223293 -1.29284 -0.906827 0.283984 0.885634
0.0107844 1.17792 -0.229508 -1.29488 -0.894694 0.280618 0.875695
0.000311693 1.17887 -0.235858 -1.29676 -0.88274 0.277375 0.866003
-0.0101125 1.17969 -0.242321 -1.29847 -0.870985 0.27425 0.85657
-0.0204677 1.18038 -0.248874 -1.30003 -0.859446 0.271241 0.847405
-0.0307338 1.18095 -0.255496 -1.30144 -0.84814 0.268345 0.838518
-0.0408901 1.18141 -0.262162 -1.30271 -0.837085 0.265558 0.829916
-0.0509164 1.18175 -0.26885 -1.30384 -0.826294 0.262878 0.821606
-0.0607925 1.18199 -0.275537 -1.30484 -0.815782 0.260302 0.813593
-0.0704985 1.18213 -0.282201 -1.30571 -0.805562 0.257826 0.805883
-0.0800148 1.18218 -0.288818 -1.30647 -0.795645 0.255449 0.798477
-0.0893222 1.18214 -0.295367 -1.30711 -0.786043 0.253169 0.791379
-0.0984013 1.18202 -0.301826 -1.30765 -0.776768 0.250983 0.784592
-0.107235 1.18183 -0.308175 -1.30809 -0.767825 0.248891 0.778114
-0.115805 1.18158 -0.314393 -1.30845 -0.759226 0.24689 0.771947
-0.124095 1.18127 -0.32046 -1.30872 -0.750979 0.244981 0.76609
-0.132086 1.1809 -0.326357 -1.30892 -0.743092 0.243161 0.760543
-0.139763 1.1805 -0.332065 -1.30905 -0.735573 0.241432 0.755304
-0.147111 1.18006 -0.337565 -1.30912 -0.728428 0.239791 0.750373
-0.154114 1.1796 -0.342842 -1.30914 -0.721664 0.238241 0.745746
-0.160756 1.17912 -0.347877 -1.30912 -0.715287 0.236781 0.741423
-0.167025 1.17863 -0.352654 -1.30906 -0.709305 0.235411 0.737402
-0.172906 1.17814 -0.357158 -1.30897 -0.703724 0.234133 0.73368
-0.178386 1.17765 -0.361374 -1.30885 -0.698549 0.232948 0.730255
-0.183452 1.17718 -0.365287 -1.30872 -0.693787 0.231856 0.727127
-0.18809 1.17672 -0.368884 -1.30858 -0.689444 0.23086 0.724293
-0.19229 1.17629 -0.372151 -1.30844 -0.685527 0.22996 0.721753
-0.196038 1.17589 -0.375076 -1.3083 -0.682042 0.229158 0.719506
-0.199323 1.17554 -0.377646 -1.30816 -0.678996 0.228457 0.717552
-0.202133 1.17522 -0.379849 -1.30804 -0.676396 0.227857 0.715892
-0.204457 1.17496 -0.381674 -1.30793 -0.67425 0.227362 0.714526
-0.206284 1.17475 -0.383111 -1.30785 -0.672566 0.226973 0.713457
-0.206284 1.17475 -0.383111 -1.30785 -0.672566 0.226973 0.713457
-0.208402 1.1745 -0.384779 -1.30774 -0.670618 0.226523 0.712225
-0.208402 1.1745 -0.384779 -1.30774 -0.670618 0.226523 0.712225
-0.208402 1.1745 -0.384779 -1.30774 -0.670618 0.226523 0.712225
-0.208402 1.1745 -0.384779 -1.30774 -0.670618 0.226523 0.712225
-0.21047 1.17367 -0.388229 -1.30961 -0.667078 0.229109 0.710045
-0.211832 1.17306 -0.39068 -1.31105 -0.66457 0.231127 0.7085
-0.213544 1.17227 -0.393759 -1.31287 -0.661395 0.233684 0.706537
-0.215585 1.17133 -0.397428 -1.31507 -0.657578 0.236764 0.704171
-0.217929 1.17021 -0.401641 -1.31764 -0.653147 0.240347 0.701413
-0.220552 1.16893 -0.406353 -1.32055 -0.648132 0.244414 0.698279
-0.223427 1.16748 -0.411515 -1.32381 -0.642564 0.248944 0.694785
-0.226526 1.16587 -0.417077 -1.32738 -0.636476 0.25392 0.690947
-0.229823 1.16409 -0.42299 -1.33127 -0.629901 0.259319 0.686782
-0.233289 1.16215 -0.429204 -1.33545 -0.622873 0.265123 0.682311
-0.236899 1.16004 -0.435671 -1.33992 -0.615428 0.271313 0.677552
-0.240626 1.15778 -0.442343 -1.34465 -0.607599 0.277869 0.672527
-0.244444 1.15535 -0.449176 -1.34964 -0.599422 0.284775 0.667257
-0.24833 1.15276 -0.456126 -1.35486 -0.590932 0.292011 0.661763
-0.252261 1.15 -0.463153 -1.36031 -0.58216 0.299563 0.656068
-0.256215 1.14709 -0.470219 -1.36597 -0.573141 0.307412 0.650194
-0.260174 1.14401 -0.477288 -1.37183 -0.563906 0.315545 0.644162
-0.264117 1.14077 -0.48433 -1.37786 -0.554485 0.323947 0.637994
-0.268028 1.13737 -0.491312 -1.38407 -0.544908 0.332602 0.631713
-0.271893 1.13381 -0.49821 -1.39042 -0.535201 0.341499 0.625339
-0.275696 1.13009 -0.504999 -1.39692 -0.525391 0.350624 0.618892
-0.279425 1.12621 -0.511657 -1.40353 -0.515502 0.359965 0.612391
-0.28307 1.12217 -0.518166 -1.41026 -0.505556 0.36951 0.605856
-0.286619 1.11797 -0.524508 -1.41708 -0.495575 0.379248 0.599304
-0.290066 1.11361 -0.53067 -1.42398 -0.485577 0.389167 0.592751
-0.293402 1.1091 -0.536639 -1.43095 -0.475579 0.399258 0.586213
-0.296621 1.10442 -0.542404 -1.43798 -0.465599 0.409509 0.579705
-0.299717 1.09958 -0.547958 -1.44504 -0.45565 0.41991 0.573241
-0.302687 1.09459 -0.553292 -1.45214 -0.445746 0.430451 0.566832
-0.305527 1.08944 -0.558401 -1.45925 -0.435897 0.441123 0.560491
-0.308233 1.08414 -0.563282 -1.46636 -0.426114 0.451915 0.554228
-0.310806 1.07868 -0.567932 -1.47346 -0.416407 0.462817 0.548053
-0.313242 1.07306 -0.572348 -1.48055 -0.406782 0.473821 0.541973
-0.315543 1.0673 -0.57653 -1.48759 -0.397247 0.484916 0.535996
-0.317707 1.06138 -0.580478 -1.4946 -0.387807 0.496092 0.530129
-0.319735 1.05532 -0.584193 -1.50155 -0.378468 0.50734 0.524377
-0.32163 1.04911 -0.587677 -1.50843 -0.369233 0.51865 0.518746
-0.323391 1.04276 -0.590932 -1.51524 -0.360106 0.530012 0.513239
-0.325022 1.03626 -0.593962 -1.52196 -0.351089 0.541417 0.507859
-0.326524 1.02963 -0.596769 -1.52858 -0.342185 0.552855 0.50261
-0.327899 1.02286 -0.599357 -1.5351 -0.333396 0.564315 0.497493
-0.329152 1.01596 -0.601732 -1.54151 -0.324721 0.575789 0.49251
-0.330285 1.00894 -0.603897 -1.5478 -0.316163 0.587265 0.487661
-0.3313 1.0018 -0.605857 -1.55396 -0.307723 0.598734 0.482947
-0.332203 0.994537 -0.607619 -1.55998 -0.299399 0.610187 0.478367
-0.332997 0.987165 -0.609186 -1.56586 -0.291192 0.621613 0.47392
-0.333685 0.979688 -0.610566 -1.57159 -0.283103 0.633003 0.469607
-0.334271 0.972112 -0.611763 -1.57716 -0.275131 0.644346 0.465425
-0.334759 0.964443 -0.612784 -1.58257 -0.267277 0.655633 0.461373
-0.335154 0.956688 -0.613636 -1.58782 -0.259539 0.666854 0.457448
-0.335459 0.948854 -0.614324 -1.5929 -0.251919 0.677999 0.453649
-0.335679 0.940949 -0.614854 -1.59781 -0.244416 0.689059 0.449974
-0.335818 0.932981 -0.615234 -1.60254 -0.237029 0.700024 0.446419
-0.33588 0.924958 -0.615469 -1.60709 -0.22976 0.710885 0.442982
-0.33587 0.916889 -0.615567 -1.61147 -0.222608 0.721633 0.439661
-0.335791 0.908782 -0.615533 -1.61565 -0.215574 0.732259 0.436451
-0.335648 0.900647 -0.615376 -1.61966 -0.208658 0.742754 0.433352
-0.335444 0.892493 -0.6151 -1.62348 -0.201861 0.753109 0.430358
-0.335185 0.884329 -0.614714 -1.62712 -0.195184 0.763316 0.427468
-0.334873 0.876167 -0.614224 -1.63057 -0.188628 0.773367 0.424679
-0.334513 0.868015 -0.613637 -1.63384 -0.182194 0.783254 0.421987
-0.334109 0.859884 -0.612959 -1.63693 -0.175882 0.792969 0.41939
-0.333665 0.851785 -0.612198 -1.63983 -0.169696 0.802505 0.416885
-0.333184 0.843728 -0.611359 -1.64257 -0.163635 0.811855 0.41447
-0.332671 0.835725 -0.61045 -1.64512 -0.157703 0.821011 0.41214
-0.332128 0.827785 -0.609477 -1.64751 -0.151901 0.829968 0.409895
-0.33156 0.81992 -0.608448 -1.64973 -0.146231 0.838718 0.407732
-0.330969 0.812141 -0.607368 -1.65178 -0.140695 0.847255 0.405647
-0.33036 0.80446 -0.606244 -1.65368 -0.135295 0.855575 0.40364
-0.329735 0.796886 -0.605082 -1.65543 -0.130034 0.86367 0.401709
-0.329098 0.789432 -0.603889 -1.65702 -0.124915 0.871537 0.39985
-0.328452 0.782109 -0.602672 -1.65848 -0.11994 0.879169 0.398064
-0.3278 0.774928 -0.601436 -1.65979 -0.115111 0.886563 0.396347
-0.327145 0.7679 -0.600187 -1.66098 -0.110432 0.893713 0.394699
-0.32649 0.761036 -0.598932 -1.66204 -0.105905 0.900615 0.393119
-0.325837 0.754348 -0.597677 -1.66298 -0.101534 0.907264 0.391605
-0.32519 0.747846 -0.596426 -1.66382 -0.0973203 0.913659 0.390157
-0.324552 0.741542 -0.595187 -1.66455 -0.0932679 0.919793 0.388774
-0.323924 0.735446 -0.593964 -1.66518 -0.0893796 0.925664 0.387454
-0.323309 0.729569 -0.592764 -1.66572 -0.0856587 0.931268 0.386199
-0.322711 0.723923 -0.59159 -1.66618 -0.0821081 0.936601 0.385007
-0.32213 0.718517 -0.590449 -1.66657 -0.0787312 0.941661 0.383878
-0.321571 0.713362 -0.589346 -1.66688 -0.0755312 0.946443 0.382813
-0.321034 0.708469 -0.588285 -1.66714 -0.0725112 0.950945 0.381811
-0.320521 0.703849 -0.58727 -1.66734 -0.0696748 0.955164 0.380873
-0.320036 0.699511 -0.586308 -1.66749 -0.0670251 0.959095 0.379999
-0.319581 0.695465 -0.585402 -1.6676 -0.0645657 0.962736 0.37919
-0.319156 0.691722 -0.584556 -1.66768 -0.0623001 0.966083 0.378446
-0.318764 0.688292 -0.583775 -1.66773 -0.0602317 0.969133 0.377768
-0.318407 0.685183 -0.583062 -1.66776 -0.0583643 0.971882 0.377156
-0.318086 0.682407 -0.582421 -1.66777 -0.0567014 0.974325 0.376612
-0.317804 0.679971 -0.581856 -1.66777 -0.055247 0.976459 0.376137
-0.317561 0.677886 -0.58137 -1.66776 -0.0540048 0.978279 0.375732
-0.317359 0.67616 -0.580966 -1.66774 -0.0529789 0.97978 0.375397
-0.317201 0.674803 -0.580648 -1.66773 -0.0521735 0.980958 0.375134
-0.317201 0.674803 -0.580648 -1.66773 -0.0521735 0.980958 0.375134
-0.317016 0.673229 -0.580277 -1.66771 -0.0512408 0.982321 0.37483
-0.317016 0.673229 -0.580277 -1.66771 -0.0512408 0.982321 0.37483
