1.31958 1.39994 -0.200391 1.72006 0.000194507 1.65982 -0.000352864
1.31835 1.39977 -0.201547 1.72025 0.000769431 1.65931 -0.00139586
1.31633 1.39949 -0.203442 1.72055 0.00171188 1.65846 -0.00310559
1.31354 1.3991 -0.20605 1.72097 0.00300895 1.65729 -0.00545867
1.31002 1.39861 -0.209346 1.7215 0.00464775 1.65582 -0.0084317
1.3058 1.39802 -0.213302 1.72213 0.00661539 1.65405 -0.0120013
1.3009 1.39734 -0.217894 1.72286 0.00889896 1.65199 -0.016144
1.29534 1.39656 -0.223095 1.7237 0.0114856 1.64966 -0.0208365
1.28917 1.3957 -0.22888 1.72462 0.0143624 1.64707 -0.0260554
1.2824 1.39476 -0.235222 1.72564 0.0175164 1.64423 -0.0317773
1.27506 1.39374 -0.242095 1.72674 0.0209348 1.64116 -0.0379787
1.26718 1.39264 -0.249475 1.72792 0.0246046 1.63785 -0.0446363
1.25879 1.39147 -0.257334 1.72917 0.028513 1.63434 -0.0517268
1.24992 1.39024 -0.265646 1.7305 0.0326471 1.63061 -0.0592266
1.24059 1.38894 -0.274387 1.7319 0.0369939 1.6267 -0.0671124
1.23083 1.38758 -0.283529 1.73336 0.0415407 1.62261 -0.0753609
1.22067 1.38616 -0.293048 1.73489 0.0462744 1.61835 -0.0839485
1.21013 1.38469 -0.302916 1.73647 0.0511822 1.61393 -0.092852
1.19925 1.38318 -0.313109 1.7381 0.0562512 1.60937 -0.102048
1.18805 1.38161 -0.3236 1.73978 0.0614685 1.60467 -0.111513
1.17656 1.38001 -0.334363 1.7415 0.0668212 1.59985 -0.121223
1.16481 1.37838 -0.345373 1.74326 0.0722964 1.59493 -0.131156
1.15282 1.37671 -0.356602 1.74506 0.0778812 1.5899 -0.141288
1.14062 1.37501 -0.368027 1.74688 0.0835628 1.58479 -0.151595
1.12825 1.37328 -0.37962 1.74874 0.0893281 1.5796 -0.162054
1.11572 1.37154 -0.391355 1.75062 0.0951644 1.57434 -0.172642
1.10307 1.36977 -0.403207 1.75251 0.101059 1.56904 -0.183335
1.09032 1.368 -0.41515 1.75442 0.106998 1.56369 -0.19411
1.0775 1.36621 -0.427158 1.75634 0.11297 1.55832 -0.204944
1.06464 1.36442 -0.439205 1.75827 0.118961 1.55292 -0.215812
1.05176 1.36262 -0.451264 1.7602 0.124958 1.54752 -0.226693
1.0389 1.36083 -0.463311 1.76213 0.130949 1.54213 -0.237561
1.02608 1.35905 -0.475319 1.76405 0.136921 1.53676 -0.248395
1.01333 1.35727 -0.487262 1.76596 0.142861 1.53141 -0.25917
1.00068 1.35551 -0.499114 1.76786 0.148755 1.52611 -0.269863
0.988154 1.35376 -0.51085 1.76973 0.154591 1.52085 -0.280451
0.975778 1.35204 -0.522442 1.77159 0.160356 1.51566 -0.29091
0.963582 1.35034 -0.533867 1.77342 0.166038 1.51055 -0.301217
0.951593 1.34867 -0.545097 1.77521 0.171623 1.50552 -0.311349
0.93984 1.34703 -0.556106 1.77698 0.177098 1.50059 -0.321282
0.92835 1.34543 -0.566869 1.7787 0.182451 1.49578 -0.330992
0.91715 1.34387 -0.57736 1.78038 0.187668 1.49108 -0.340457
0.906269 1.34235 -0.587553 1.78201 0.192737 1.48652 -0.349653
0.895734 1.34088 -0.597421 1.78359 0.197645 1.4821 -0.358557
0.885573 1.33947 -0.60694 1.78511 0.202379 1.47784 -0.367144
0.875813 1.33811 -0.616082 1.78657 0.206925 1.47375 -0.375393
0.866482 1.33681 -0.624823 1.78797 0.211272 1.46983 -0.383279
0.857607 1.33557 -0.633136 1.7893 0.215406 1.46611 -0.390778
0.849218 1.3344 -0.640995 1.79056 0.219315 1.46259 -0.397869
0.84134 1.33331 -0.648374 1.79174 0.222985 1.45929 -0.404527
0.834002 1.33228 -0.655248 1.79284 0.226403 1.45621 -0.410728
0.827232 1.33134 -0.66159 1.79385 0.229557 1.45338 -0.41645
0.821056 1.33048 -0.667374 1.79478 0.232434 1.45079 -0.421669
0.815504 1.32971 -0.672575 1.79561 0.23502 1.44846 -0.426361
0.810602 1.32902 -0.677167 1.79635 0.237304 1.4464 -0.430504
0.806378 1.32843 -0.681124 1.79698 0.239272 1.44463 -0.434074
0.80286 1.32794 -0.684419 1.79751 0.24091 1.44316 -0.437047
0.800076 1.32756 -0.687027 1.79792 0.242207 1.44199 -0.4394
0.798053 1.32727 -0.688922 1.79823 0.24315 1.44114 -0.441109
0.796819 1.3271 -0.690078 1.79841 0.243725 1.44062 -0.442152
0.796401 1.32704 -0.690469 1.79847 0.243919 1.44045 -0.442505
0.795984 1.32699 -0.69086 1.79854 0.244114 1.44027 -0.442858
0.79475 1.32681 -0.692016 1.79872 0.244689 1.43976 -0.443901
0.792726 1.32653 -0.693911 1.79902 0.245631 1.43891 -0.445611
0.789942 1.32614 -0.69652 1.79944 0.246928 1.43774 -0.447964
0.786424 1.32565 -0.699815 1.79997 0.248567 1.43626 -0.450937
0.782201 1.32507 -0.703771 1.8006 0.250535 1.43449 -0.454507
0.777299 1.32438 -0.708363 1.80134 0.252818 1.43244 -0.458649
0.771746 1.32361 -0.713564 1.80217 0.255405 1.43011 -0.463342
0.765571 1.32275 -0.719349 1.80309 0.258282 1.42752 -0.468561
0.7588 1.3218 -0.725691 1.80411 0.261436 1.42468 -0.474283
0.751463 1.32078 -0.732564 1.80521 0.264854 1.4216 -0.480484
0.743585 1.31968 -0.739944 1.80639 0.268524 1.4183 -0.487142
0.735195 1.31852 -0.747803 1.80765 0.272432 1.41478 -0.494232
0.726321 1.31728 -0.756115 1.80898 0.276566 1.41106 -0.501732
0.71699 1.31598 -0.764856 1.81038 0.280913 1.40715 -0.509618
0.70723 1.31462 -0.773999 1.81184 0.28546 1.40306 -0.517866
0.697068 1.3132 -0.783517 1.81336 0.290194 1.3988 -0.526454
0.686533 1.31174 -0.793386 1.81494 0.295101 1.39438 -0.535357
0.675652 1.31022 -0.803578 1.81657 0.30017 1.38982 -0.544553
0.664453 1.30866 -0.814069 1.81825 0.305388 1.38512 -0.554018
0.652962 1.30706 -0.824832 1.81997 0.31074 1.3803 -0.563729
0.641209 1.30542 -0.835842 1.82173 0.316216 1.37537 -0.573662
0.629221 1.30375 -0.847072 1.82353 0.3218 1.37035 -0.583793
0.617025 1.30205 -0.858496 1.82536 0.327482 1.36523 -0.5941
0.604649 1.30033 -0.870089 1.82721 0.333247 1.36004 -0.60456
0.592121 1.29858 -0.881824 1.82909 0.339084 1.35479 -0.615147
0.579468 1.29682 -0.893677 1.83099 0.344978 1.34949 -0.625841
0.566718 1.29504 -0.905619 1.8329 0.350917 1.34414 -0.636616
0.553899 1.29325 -0.917627 1.83482 0.356889 1.33876 -0.647449
0.541039 1.29146 -0.929674 1.83675 0.36288 1.33337 -0.658318
0.528165 1.28967 -0.941734 1.83868 0.368878 1.32797 -0.669198
0.515304 1.28788 -0.95378 1.8406 0.374869 1.32258 -0.680067
0.502485 1.28609 -0.965788 1.84252 0.38084 1.31721 -0.6909
0.489736 1.28431 -0.977731 1.84443 0.38678 1.31186 -0.701675
0.477083 1.28255 -0.989583 1.84633 0.392674 1.30655 -0.712368
0.464555 1.28081 -1.00132 1.84821 0.39851 1.3013 -0.722956
0.452179 1.27908 -1.01291 1.85006 0.404276 1.29611 -0.733415
0.439983 1.27738 -1.02434 1.85189 0.409957 1.291 -0.743723
0.427994 1.27571 -1.03557 1.85369 0.415542 1.28597 -0.753854
0.416241 1.27407 -1.04658 1.85545 0.421017 1.28104 -0.763787
0.404751 1.27247 -1.05734 1.85717 0.42637 1.27622 -0.773498
0.393552 1.27091 -1.06783 1.85885 0.431587 1.27153 -0.782963
0.382671 1.2694 -1.07802 1.86048 0.436656 1.26697 -0.792159
0.372135 1.26793 -1.08789 1.86206 0.441564 1.26255 -0.801062
0.361974 1.26651 -1.09741 1.86358 0.446298 1.25829 -0.80965
0.352214 1.26515 -1.10655 1.86505 0.450845 1.25419 -0.817898
0.342883 1.26385 -1.11529 1.86644 0.455191 1.25028 -0.825784
0.334009 1.26262 -1.1236 1.86777 0.459326 1.24656 -0.833284
0.325619 1.26145 -1.13146 1.86903 0.463234 1.24304 -0.840374
0.317741 1.26035 -1.13884 1.87021 0.466904 1.23974 -0.847032
0.310403 1.25933 -1.14572 1.87131 0.470322 1.23666 -0.853233
0.303633 1.25838 -1.15206 1.87233 0.473476 1.23382 -0.858955
0.297457 1.25752 -1.15784 1.87325 0.476353 1.23123 -0.864174
0.291905 1.25675 -1.16304 1.87408 0.47894 1.22891 -0.868866
0.287003 1.25607 -1.16764 1.87482 0.481223 1.22685 -0.873009
0.282779 1.25548 -1.17159 1.87545 0.483191 1.22508 -0.876579
0.279261 1.25499 -1.17489 1.87598 0.48483 1.2236 -0.879552
0.276477 1.2546 -1.1775 1.8764 0.486127 1.22244 -0.881905
0.274454 1.25432 -1.17939 1.8767 0.487069 1.22159 -0.883615
0.27322 1.25415 -1.18055 1.87688 0.487644 1.22107 -0.884658
0.272802 1.25409 -1.18094 1.87695 0.487839 1.2209 -0.885011
0.272371 1.25381 -1.18125 1.87691 0.48806 1.22077 -0.885215
0.271096 1.253 -1.18216 1.87679 0.488713 1.22038 -0.885818
0.269006 1.25167 -1.18365 1.87659 0.489784 1.21976 -0.886807
0.266131 1.24983 -1.1857 1.87632 0.491258 1.21889 -0.888167
0.2625 1.24751 -1.18829 1.87598 0.493119 1.2178 -0.889885
0.258142 1.24473 -1.1914 1.87556 0.495353 1.21649 -0.891947
0.253085 1.24151 -1.19501 1.87509 0.497945 1.21497 -0.894339
0.247359 1.23786 -1.1991 1.87455 0.50088 1.21325 -0.897048
0.240994 1.23379 -1.20364 1.87395 0.504143 1.21134 -0.90006
0.234017 1.22934 -1.20862 1.87329 0.507719 1.20924 -0.90336
0.226459 1.22452 -1.21401 1.87257 0.511593 1.20697 -0.906936
0.218348 1.21935 -1.2198 1.87181 0.515751 1.20453 -0.910774
0.209714 1.21384 -1.22596 1.87099 0.520177 1.20194 -0.914859
0.200585 1.20801 -1.23248 1.87013 0.524856 1.1992 -0.919178
0.19099 1.20189 -1.23932 1.86923 0.529774 1.19631 -0.923717
0.180959 1.19549 -1.24648 1.86828 0.534916 1.1933 -0.928463
0.170521 1.18883 -1.25393 1.8673 0.540266 1.19016 -0.933401
0.159705 1.18193 -1.26165 1.86627 0.54581 1.18691 -0.938518
0.14854 1.17481 -1.26962 1.86522 0.551533 1.18356 -0.943801
0.137055 1.16748 -1.27781 1.86414 0.55742 1.18011 -0.949235
0.125278 1.15997 -1.28622 1.86303 0.563456 1.17657 -0.954806
0.113241 1.15229 -1.29481 1.86189 0.569627 1.17295 -0.960501
0.10097 1.14446 -1.30357 1.86073 0.575917 1.16927 -0.966307
0.0884957 1.1365 -1.31247 1.85955 0.582311 1.16552 -0.972208
0.0758469 1.12843 -1.32149 1.85836 0.588794 1.16172 -0.978193
0.0630527 1.12027 -1.33063 1.85715 0.595352 1.15787 -0.984246
0.0501421 1.11203 -1.33984 1.85594 0.60197 1.15399 -0.990354
0.0371442 1.10374 -1.34911 1.85471 0.608632 1.15009 -0.996503
0.0240882 1.09541 -1.35843 1.85348 0.615325 1.14616 -1.00268
0.0110031 1.08706 -1.36777 1.85224 0.622032 1.14223 -1.00887
-0.00208206 1.07872 -1.37711 1.85101 0.628739 1.1383 -1.01506
-0.0151381 1.07039 -1.38643 1.84978 0.635431 1.13438 -1.02124
-0.0281359 1.06209 -1.3957 1.84855 0.642094 1.13047 -1.02739
-0.0410465 1.05386 -1.40492 1.84733 0.648712 1.12659 -1.0335
-0.0538408 1.0457 -1.41405 1.84612 0.65527 1.12275 -1.03955
-0.0664896 1.03763 -1.42307 1.84493 0.661753 1.11895 -1.04553
-0.0789638 1.02967 -1.43197 1.84375 0.668147 1.1152 -1.05144
-0.0912344 1.02184 -1.44073 1.84259 0.674437 1.11151 -1.05724
-0.103272 1.01416 -1.44932 1.84146 0.680607 1.1079 -1.06294
-0.115048 1.00665 -1.45773 1.84035 0.686644 1.10436 -1.06851
-0.126534 0.999318 -1.46592 1.83926 0.692531 1.10091 -1.07394
-0.137699 0.992195 -1.47389 1.83821 0.698254 1.09755 -1.07922
-0.148515 0.985294 -1.48161 1.83719 0.703798 1.0943 -1.08434
-0.158953 0.978635 -1.48906 1.8362 0.709148 1.09117 -1.08928
-0.168984 0.972236 -1.49622 1.83526 0.71429 1.08815 -1.09403
-0.178578 0.966115 -1.50306 1.83435 0.719208 1.08527 -1.09856
-0.187708 0.96029 -1.50958 1.83349 0.723887 1.08253 -1.10288
-0.196342 0.954782 -1.51574 1.83268 0.728313 1.07993 -1.10697
-0.204453 0.949607 -1.52153 1.83191 0.732471 1.07749 -1.11081
-0.212011 0.944785 -1.52692 1.8312 0.736345 1.07522 -1.11438
-0.218988 0.940334 -1.5319 1.83054 0.739921 1.07313 -1.11768
-0.225353 0.936273 -1.53644 1.82994 0.743184 1.07121 -1.12069
-0.231079 0.93262 -1.54053 1.8294 0.746119 1.06949 -1.1234
-0.236136 0.929394 -1.54414 1.82892 0.74871 1.06798 -1.1258
-0.240494 0.926614 -1.54725 1.82851 0.750945 1.06667 -1.12786
-0.244125 0.924297 -1.54984 1.82817 0.752806 1.06557 -1.12958
-0.247 0.922463 -1.55189 1.8279 0.75428 1.06471 -1.13094
-0.24909 0.92113 -1.55338 1.8277 0.755351 1.06408 -1.13192
-0.250365 0.920316 -1.55429 1.82758 0.756004 1.0637 -1.13253
-0.250796 0.920041 -1.5546 1.82754 0.756225 1.06357 -1.13273
-0.251325 0.919704 -1.55498 1.82749 0.756496 1.06341 -1.13298
-0.25288 0.918712 -1.55609 1.82734 0.757293 1.06294 -1.13372
-0.255417 0.917093 -1.5579 1.8271 0.758594 1.06218 -1.13492
-0.258892 0.914876 -1.56038 1.82677 0.760375 1.06114 -1.13656
-0.26326 0.912089 -1.5635 1.82636 0.762614 1.05982 -1.13863
-0.268477 0.908761 -1.56722 1.82587 0.765288 1.05826 -1.1411
-0.274496 0.904921 -1.57152 1.8253 0.768374 1.05645 -1.14394
-0.281275 0.900596 -1.57635 1.82466 0.771848 1.05441 -1.14715
-0.288769 0.895815 -1.5817 1.82395 0.775689 1.05216 -1.1507
-0.296932 0.890607 -1.58753 1.82318 0.779873 1.04971 -1.15456
-0.30572 0.885001 -1.5938 1.82235 0.784378 1.04707 -1.15872
-0.315088 0.879024 -1.60048 1.82147 0.78918 1.04425 -1.16315
-0.324992 0.872705 -1.60755 1.82054 0.794257 1.04128 -1.16783
-0.335388 0.866073 -1.61497 1.81955 0.799585 1.03815 -1.17275
-0.346229 0.859156 -1.62271 1.81853 0.805142 1.03489 -1.17788
-0.357473 0.851983 -1.63073 1.81747 0.810906 1.03152 -1.1832
-0.369074 0.844582 -1.63901 1.81638 0.816852 1.02803 -1.18869
-0.380987 0.836982 -1.64751 1.81525 0.822959 1.02445 -1.19433
-0.393168 0.82921 -1.6562 1.8141 0.829202 1.02079 -1.20009
-0.405573 0.821296 -1.66506 1.81293 0.835561 1.01706 -1.20596
-0.418156 0.813269 -1.67404 1.81174 0.842011 1.01328 -1.21191
-0.430873 0.805155 -1.68311 1.81054 0.848529 1.00946 -1.21793
-0.443679 0.796985 -1.69225 1.80934 0.855093 1.00561 -1.22399
-0.45653 0.788787 -1.70142 1.80812 0.86168 1.00175 -1.23007
-0.469381 0.780588 -1.71059 1.80691 0.868268 0.997891 -1.23615
-0.482187 0.772418 -1.71973 1.8057 0.874832 0.994044 -1.24221
-0.494904 0.764305 -1.72881 1.8045 0.88135 0.990222 -1.24822
-0.507487 0.756277 -1.73779 1.80331 0.8878 0.986442 -1.25418
-0.519891 0.748363 -1.74664 1.80214 0.894158 0.982714 -1.26004
-0.532073 0.740592 -1.75533 1.80099 0.900402 0.979054 -1.26581
-0.543986 0.732991 -1.76384 1.79987 0.906509 0.975475 -1.27144
-0.555587 0.72559 -1.77211 1.79877 0.912455 0.971989 -1.27693
-0.56683 0.718417 -1.78014 1.79771 0.918218 0.968611 -1.28225
-0.577672 0.7115 -1.78788 1.79669 0.923776 0.965353 -1.28738
-0.588068 0.704868 -1.79529 1.79571 0.929104 0.96223 -1.2923
-0.597972 0.698549 -1.80236 1.79478 0.934181 0.959254 -1.29699
-0.60734 0.692572 -1.80905 1.79389 0.938983 0.956439 -1.30142
-0.616128 0.686966 -1.81532 1.79306 0.943487 0.953798 -1.30558
-0.624291 0.681758 -1.82114 1.79229 0.947672 0.951345 -1.30944
-0.631784 0.676977 -1.82649 1.79158 0.951513 0.949094 -1.31298
-0.638563 0.672653 -1.83133 1.79094 0.954987 0.947057 -1.31619
-0.644583 0.668812 -1.83563 1.79038 0.958073 0.945248 -1.31904
-0.649799 0.665484 -1.83935 1.78988 0.960747 0.943681 -1.32151
-0.654167 0.662698 -1.84247 1.78947 0.962986 0.942368 -1.32357
-0.657642 0.660481 -1.84495 1.78914 0.964767 0.941324 -1.32522
-0.66018 0.658862 -1.84676 1.7889 0.966068 0.940562 -1.32642
-0.661735 0.657869 -1.84787 1.78876 0.966865 0.940094 -1.32715
-0.662263 0.657532 -1.84824 1.78871 0.967136 0.939936 -1.3274
-0.662265 0.657115 -1.84806 1.7885 0.967175 0.940034 -1.32709
-0.66227 0.655881 -1.84751 1.7879 0.967294 0.940326 -1.32618
-0.662279 0.653858 -1.84661 1.78691 0.967487 0.940804 -1.32468
-0.662291 0.651073 -1.84538 1.78555 0.967753 0.941463 -1.32261
-0.662306 0.647556 -1.84382 1.78383 0.96809 0.942294 -1.32
-0.662324 0.643332 -1.84195 1.78177 0.968494 0.943293 -1.31687
-0.662345 0.63843 -1.83978 1.77937 0.968962 0.944452 -1.31323
-0.662368 0.632877 -1.83732 1.77665 0.969493 0.945764 -1.30911
-0.662394 0.626702 -1.83458 1.77364 0.970084 0.947224 -1.30453
-0.662423 0.619932 -1.83158 1.77033 0.970732 0.948825 -1.2995
-0.662454 0.612594 -1.82833 1.76674 0.971433 0.95056 -1.29406
-0.662488 0.604716 -1.82484 1.76289 0.972187 0.952422 -1.28821
-0.662523 0.596326 -1.82112 1.75879 0.972989 0.954405 -1.28199
-0.662561 0.587452 -1.81719 1.75445 0.973838 0.956503 -1.2754
-0.662601 0.578121 -1.81305 1.74989 0.97473 0.958709 -1.26848
-0.662642 0.568361 -1.80873 1.74511 0.975663 0.961017 -1.26124
-0.662685 0.558199 -1.80423 1.74015 0.976635 0.963419 -1.2537
-0.66273 0.547664 -1.79956 1.735 0.977643 0.965909 -1.24588
-0.662776 0.536783 -1.79474 1.72968 0.978683 0.968482 -1.23781
-0.662824 0.525584 -1.78977 1.7242 0.979755 0.971129 -1.22949
-0.662872 0.514094 -1.78468 1.71858 0.980853 0.973846 -1.22097
-0.662922 0.50234 -1.77947 1.71284 0.981977 0.976624 -1.21225
-0.662973 0.490352 -1.77416 1.70698 0.983124 0.979458 -1.20335
-0.663025 0.478156 -1.76876 1.70101 0.98429 0.982342 -1.1943
-0.663078 0.46578 -1.76327 1.69496 0.985474 0.985267 -1.18512
-0.663131 0.453252 -1.75772 1.68884 0.986672 0.988229 -1.17582
-0.663185 0.440599 -1.75211 1.68265 0.987882 0.99122 -1.16644
-0.663239 0.427849 -1.74646 1.67642 0.989101 0.994234 -1.15697
-0.663293 0.415031 -1.74078 1.67015 0.990327 0.997265 -1.14746
-0.663348 0.40217 -1.73508 1.66387 0.991557 1.00031 -1.13792
-0.663402 0.389296 -1.72938 1.65757 0.992788 1.00335 -1.12837
-0.663457 0.376436 -1.72368 1.65129 0.994018 1.00639 -1.11883
-0.663511 0.363617 -1.718 1.64502 0.995244 1.00942 -1.10931
-0.663566 0.350867 -1.71235 1.63879 0.996464 1.01243 -1.09985
-0.663619 0.338214 -1.70674 1.6326 0.997674 1.01542 -1.09046
-0.663672 0.325686 -1.70119 1.62647 0.998872 1.01839 -1.08117
-0.663725 0.31331 -1.69571 1.62042 1.00006 1.02131 -1.07199
-0.663777 0.301114 -1.6903 1.61446 1.00122 1.0242 -1.06294
-0.663828 0.289126 -1.68499 1.6086 1.00237 1.02703 -1.05404
-0.663878 0.277373 -1.67978 1.60286 1.00349 1.02981 -1.04532
-0.663926 0.265882 -1.67469 1.59724 1.00459 1.03252 -1.03679
-0.663974 0.254683 -1.66973 1.59176 1.00566 1.03517 -1.02848
-0.66402 0.243802 -1.6649 1.58644 1.0067 1.03774 -1.02041
-0.664065 0.233267 -1.66024 1.58129 1.00771 1.04024 -1.01259
-0.664108 0.223105 -1.65573 1.57633 1.00868 1.04264 -1.00505
-0.664149 0.213345 -1.65141 1.57155 1.00962 1.04494 -0.99781
-0.664189 0.204014 -1.64727 1.56699 1.01051 1.04715 -0.990887
-0.664227 0.19514 -1.64334 1.56265 1.01136 1.04925 -0.984302
-0.664262 0.18675 -1.63962 1.55855 1.01216 1.05123 -0.978077
-0.664296 0.178872 -1.63613 1.5547 1.01291 1.05309 -0.972231
-0.664327 0.171534 -1.63288 1.55111 1.01361 1.05483 -0.966786
-0.664356 0.164764 -1.62988 1.5478 1.01426 1.05643 -0.961763
-0.664382 0.158589 -1.62714 1.54478 1.01485 1.05789 -0.957181
-0.664405 0.153036 -1.62468 1.54207 1.01538 1.0592 -0.953061
-0.664426 0.148134 -1.62251 1.53967 1.01585 1.06036 -0.949423
-0.664444 0.143911 -1.62064 1.53761 1.01626 1.06136 -0.946289
-0.664459 0.140393 -1.61908 1.53589 1.01659 1.06219 -0.943679
-0.664471 0.137608 -1.61785 1.53453 1.01686 1.06285 -0.941613
-0.66448 0.135585 -1.61695 1.53354 1.01705 1.06333 -0.940112
-0.664485 0.134351 -1.6164 1.53293 1.01717 1.06362 -0.939196
-0.664487 0.133934 -1.61622 1.53273 1.01721 1.06372 -0.938886
-0.664338 0.133737 -1.6158 1.53233 1.01701 1.06355 -0.938556
-0.6639 0.133154 -1.61457 1.53116 1.01643 1.06305 -0.93758
-0.663181 0.132199 -1.61254 1.52923 1.01548 1.06223 -0.935981
-0.662192 0.130884 -1.60976 1.52658 1.01417 1.0611 -0.933779
-0.660942 0.129223 -1.60624 1.52324 1.01251 1.05967 -0.930998
-0.659442 0.127229 -1.60202 1.51922 1.01052 1.05796 -0.927659
-0.657701 0.124915 -1.59712 1.51455 1.00821 1.05597 -0.923783
-0.655728 0.122294 -1.59156 1.50927 1.0056 1.05372 -0.919393
-0.653535 0.119378 -1.58539 1.50339 1.00269 1.05121 -0.914511
-0.65113 0.116182 -1.57862 1.49695 0.999501 1.04847 -0.909158
-0.648523 0.112718 -1.57128 1.48997 0.996045 1.04549 -0.903356
-0.645725 0.108998 -1.5634 1.48247 0.992335 1.0423 -0.897128
-0.642744 0.105038 -1.55501 1.47449 0.988383 1.03889 -0.890494
-0.639592 0.100848 -1.54614 1.46605 0.984204 1.03529 -0.883478
-0.636277 0.0964427 -1.53681 1.45717 0.979809 1.03151 -0.876101
-0.63281 0.0918348 -1.52705 1.44788 0.975212 1.02755 -0.868384
-0.6292 0.0870375 -1.51689 1.43821 0.970426 1.02343 -0.86035
-0.625458 0.0820638 -1.50635 1.42819 0.965465 1.01915 -0.852021
-0.621593 0.0769267 -1.49547 1.41783 0.96034 1.01474 -0.843417
-0.617614 0.0716393 -1.48427 1.40717 0.955065 1.0102 -0.834563
-0.613533 0.0662146 -1.47278 1.39624 0.949654 1.00554 -0.825478
-0.609358 0.0606659 -1.46103 1.38506 0.944118 1.00077 -0.816186
-0.605099 0.055006 -1.44904 1.37365 0.938472 0.995908 -0.806707
-0.600766 0.0492481 -1.43684 1.36204 0.932728 0.990961 -0.797065
-0.59637 0.0434053 -1.42447 1.35027 0.926899 0.985941 -0.78728
-0.59192 0.0374906 -1.41194 1.33835 0.920998 0.98086 -0.777375
-0.587425 0.0315171 -1.39929 1.32631 0.915039 0.975728 -0.767371
-0.582896 0.0254978 -1.38654 1.31417 0.909034 0.970556 -0.75729
-0.578342 0.0194459 -1.37372 1.30198 0.902997 0.965357 -0.747155
-0.573774 0.0133744 -1.36086 1.28974 0.89694 0.96014 -0.736987
-0.569201 0.00729633 -1.34798 1.27749 0.890877 0.954918 -0.726809
-0.564632 0.00122481 -1.33512 1.26525 0.88482 0.949702 -0.716641
-0.560079 -0.00482711 -1.3223 1.25305 0.878782 0.944503 -0.706506
-0.555549 -0.0108464 -1.30955 1.24092 0.872777 0.939331 -0.696425
-0.551055 -0.0168199 -1.2969 1.22888 0.866818 0.934199 -0.686422
-0.546604 -0.0227346 -1.28437 1.21696 0.860918 0.929118 -0.676516
-0.542208 -0.0285774 -1.272 1.20518 0.855089 0.924098 -0.666731
-0.537876 -0.0343353 -1.2598 1.19358 0.849345 0.919151 -0.657089
-0.533617 -0.0399951 -1.24781 1.18217 0.843699 0.914288 -0.64761
-0.529442 -0.0455439 -1.23606 1.17099 0.838163 0.909521 -0.638318
-0.52536 -0.0509685 -1.22457 1.16005 0.832751 0.904861 -0.629233
-0.521382 -0.0562559 -1.21337 1.1494 0.827477 0.900318 -0.620379
-0.517517 -0.061393 -1.20249 1.13904 0.822352 0.895904 -0.611776
-0.513774 -0.0663668 -1.19195 1.12902 0.81739 0.891631 -0.603446
-0.510164 -0.0711641 -1.18179 1.11935 0.812604 0.88751 -0.595412
-0.506697 -0.0757719 -1.17203 1.11006 0.808008 0.883551 -0.587696
-0.503383 -0.0801772 -1.1627 1.10118 0.803613 0.879766 -0.580318
-0.50023 -0.0843668 -1.15383 1.09274 0.799433 0.876167 -0.573302
-0.49725 -0.0883277 -1.14544 1.08475 0.795482 0.872764 -0.566668
-0.494452 -0.0920469 -1.13756 1.07726 0.791772 0.869568 -0.56044
-0.491845 -0.0955112 -1.13022 1.07028 0.788316 0.866592 -0.554638
-0.48944 -0.0987076 -1.12345 1.06383 0.785127 0.863846 -0.549286
-0.487246 -0.101623 -1.11727 1.05796 0.782218 0.861341 -0.544403
-0.485274 -0.104244 -1.11172 1.05267 0.779603 0.859089 -0.540013
-0.483532 -0.106559 -1.10682 1.04801 0.777295 0.857101 -0.536137
-0.482032 -0.108553 -1.1026 1.04399 0.775305 0.855387 -0.532798
-0.480782 -0.110214 -1.09908 1.04064 0.773649 0.85396 -0.530017
-0.479793 -0.111528 -1.09629 1.03799 0.772337 0.852831 -0.527815
-0.479075 -0.112483 -1.09427 1.03607 0.771384 0.852011 -0.526216
-0.478636 -0.113066 -1.09304 1.03489 0.770803 0.85151 -0.52524
-0.478488 -0.113263 -1.09262 1.0345 0.770606 0.851341 -0.52491
-0.478331 -0.113416 -1.0922 1.0341 0.770393 0.851148 -0.524602
-0.477866 -0.113869 -1.09097 1.03294 0.769762 0.850579 -0.52369
-0.477104 -0.114611 -1.08894 1.03103 0.768727 0.849647 -0.522196
-0.476055 -0.115633 -1.08616 1.02841 0.767303 0.848363 -0.52014
-0.474729 -0.116924 -1.08264 1.02509 0.765504 0.846742 -0.517542
-0.473138 -0.118474 -1.07842 1.02111 0.763343 0.844795 -0.514422
-0.471291 -0.120272 -1.07352 1.01649 0.760836 0.842535 -0.510802
-0.4692 -0.12231 -1.06796 1.01126 0.757996 0.839976 -0.506701
-0.466873 -0.124576 -1.06179 1.00543 0.754838 0.837129 -0.50214
-0.464323 -0.12706 -1.05502 0.999053 0.751375 0.834008 -0.49714
-0.461558 -0.129752 -1.04768 0.992136 0.747622 0.830626 -0.491721
-0.45859 -0.132643 -1.0398 0.98471 0.743593 0.826994 -0.485903
-0.45543 -0.135722 -1.03141 0.976802 0.739302 0.823127 -0.479706
-0.452086 -0.138978 -1.02254 0.968437 0.734763 0.819036 -0.473152
-0.448571 -0.142402 -1.01321 0.959641 0.729991 0.814735 -0.466261
-0.444894 -0.145983 -1.00345 0.950441 0.724999 0.810236 -0.459053
-0.441066 -0.149712 -0.993287 0.940863 0.719802 0.805552 -0.451548
-0.437097 -0.153577 -0.982752 0.930932 0.714414 0.800696 -0.443767
-0.432998 -0.15757 -0.97187 0.920676 0.708849 0.79568 -0.435731
-0.428779 -0.16168 -0.960671 0.910119 0.70312 0.790518 -0.42746
-0.42445 -0.165896 -0.949181 0.899288 0.697244 0.785221 -0.418974
-0.420022 -0.170208 -0.937428 0.888209 0.691233 0.779803 -0.410293
-0.415506 -0.174607 -0.925439 0.876909 0.685101 0.774277 -0.401439
-0.410911 -0.179082 -0.913243 0.865413 0.678863 0.768655 -0.392432
-0.406249 -0.183624 -0.900867 0.853747 0.672534 0.762951 -0.383292
-0.401529 -0.188221 -0.888339 0.841937 0.666126 0.757176 -0.374039
-0.396762 -0.192863 -0.875686 0.830011 0.659655 0.751343 -0.364695
-0.391959 -0.197542 -0.862937 0.817993 0.653134 0.745466 -0.355278
-0.38713 -0.202245 -0.850118 0.805909 0.646577 0.739557 -0.345811
-0.382285 -0.206964 -0.837257 0.793787 0.64 0.733629 -0.336313
-0.377435 -0.211688 -0.824383 0.781651 0.633415 0.727695 -0.326805
-0.37259 -0.216407 -0.811523 0.769529 0.626838 0.721766 -0.317307
-0.36776 -0.221111 -0.798704 0.757446 0.620281 0.715857 -0.307839
-0.362957 -0.225789 -0.785954 0.745428 0.613761 0.70998 -0.298423
-0.358191 -0.230432 -0.773302 0.733501 0.607289 0.704148 -0.289079
-0.353471 -0.235029 -0.760773 0.721692 0.600882 0.698373 -0.279826
-0.348808 -0.23957 -0.748397 0.710026 0.594552 0.692668 -0.270686
-0.344214 -0.244045 -0.736201 0.69853 0.588314 0.687046 -0.261678
-0.339697 -0.248444 -0.724213 0.687229 0.582183 0.68152 -0.252824
-0.33527 -0.252757 -0.71246 0.67615 0.576171 0.676102 -0.244144
-0.330941 -0.256973 -0.70097 0.665319 0.570295 0.670806 -0.235658
-0.326722 -0.261083 -0.68977 0.654763 0.564567 0.665643 -0.227387
-0.322622 -0.265075 -0.678889 0.644506 0.559001 0.660628 -0.219351
-0.318653 -0.268941 -0.668354 0.634575 0.553613 0.655771 -0.21157
-0.314825 -0.272669 -0.658192 0.624997 0.548416 0.651087 -0.204065
-0.311148 -0.276251 -0.648432 0.615797 0.543424 0.646588 -0.196857
-0.307633 -0.279675 -0.639101 0.607001 0.538652 0.642287 -0.189966
-0.30429 -0.282931 -0.630227 0.598636 0.534113 0.638196 -0.183412
-0.301129 -0.286009 -0.621837 0.590728 0.529822 0.634329 -0.177215
-0.298161 -0.2889 -0.61396 0.583302 0.525793 0.630698 -0.171397
-0.295397 -0.291593 -0.606622 0.576385 0.52204 0.627315 -0.165978
-0.292846 -0.294077 -0.599851 0.570003 0.518577 0.624194 -0.160978
-0.29052 -0.296343 -0.593676 0.564182 0.515419 0.621348 -0.156417
-0.288428 -0.29838 -0.588124 0.558949 0.512579 0.618788 -0.152316
-0.286581 -0.300179 -0.583222 0.554328 0.510072 0.616529 -0.148696
-0.28499 -0.301729 -0.578998 0.550347 0.507911 0.614582 -0.145576
-0.283665 -0.30302 -0.57548 0.547031 0.506112 0.61296 -0.142978
-0.282616 -0.304041 -0.572696 0.544406 0.504688 0.611677 -0.140922
-0.281854 -0.304784 -0.570673 0.542499 0.503653 0.610744 -0.139428
-0.281389 -0.305236 -0.569438 0.541336 0.503022 0.610175 -0.138516
-0.281231 -0.30539 -0.569021 0.540942 0.502809 0.609983 -0.138208
-0.280807 -0.305803 -0.567895 0.53988 0.502233 0.609464 -0.137376
-0.279587 -0.306991 -0.564656 0.536828 0.500576 0.607971 -0.134984
-0.277651 -0.308877 -0.559517 0.531984 0.497948 0.605602 -0.131189
-0.275079 -0.311383 -0.552688 0.525547 0.494455 0.602454 -0.126146
-0.271949 -0.314431 -0.544381 0.517716 0.490207 0.598625 -0.120011
-0.268342 -0.317944 -0.534807 0.508692 0.48531 0.594212 -0.11294
-0.264337 -0.321844 -0.524177 0.498671 0.479873 0.589312 -0.105089
-0.260014 -0.326055 -0.512702 0.487855 0.474004 0.584022 -0.0966139
-0.255453 -0.330498 -0.500594 0.476441 0.467811 0.578441 -0.0876711
-0.250732 -0.335096 -0.488063 0.464629 0.461402 0.572664 -0.0784165
-0.245932 -0.339772 -0.475321 0.452618 0.454885 0.566791 -0.0690058
-0.241131 -0.344447 -0.462578 0.440607 0.448368 0.560917 -0.0595952
-0.23641 -0.349045 -0.450048 0.428796 0.441959 0.555141 -0.0503405
-0.231849 -0.353488 -0.437939 0.417382 0.435766 0.549559 -0.0413978
-0.227526 -0.357699 -0.426464 0.406565 0.429897 0.54427 -0.032923
-0.223521 -0.361599 -0.415834 0.396545 0.42446 0.53937 -0.0250721
-0.219914 -0.365112 -0.40626 0.38752 0.419563 0.534957 -0.0180011
-0.216785 -0.368161 -0.397953 0.37969 0.415315 0.531127 -0.011866
-0.214212 -0.370666 -0.391124 0.373253 0.411822 0.52798 -0.00682274
-0.212276 -0.372552 -0.385985 0.368409 0.409194 0.525611 -0.00302728
-0.211056 -0.37374 -0.382747 0.365356 0.407538 0.524118 -0.000635622
-0.210632 -0.374154 -0.38162 0.364295 0.406961 0.523599 0.000196259
-0.210464 -0.373855 -0.381316 0.364004 0.406637 0.523181 0.000196102
-0.209967 -0.372973 -0.380416 0.363145 0.405678 0.521947 0.00019564
-0.209153 -0.371528 -0.378942 0.361738 0.404105 0.519924 0.000194881
-0.208033 -0.369538 -0.376913 0.359801 0.401941 0.51714 0.000193838
-0.206618 -0.367024 -0.374349 0.357353 0.399207 0.513622 0.000192519
-0.204919 -0.364006 -0.37127 0.354415 0.395924 0.509398 0.000190936
-0.202947 -0.360503 -0.367697 0.351004 0.392114 0.504496 0.000189099
-0.200713 -0.356536 -0.363651 0.347141 0.387799 0.498944 0.000187017
-0.198229 -0.352123 -0.35915 0.342844 0.382999 0.492768 0.000184703
-0.195506 -0.347285 -0.354215 0.338134 0.377737 0.485998 0.000182165
-0.192554 -0.342041 -0.348867 0.333028 0.372033 0.47866 0.000179415
-0.189385 -0.336412 -0.343125 0.327548 0.36591 0.470782 0.000176462
-0.18601 -0.330417 -0.337011 0.32171 0.35939 0.462393 0.000173317
-0.18244 -0.324075 -0.330543 0.315536 0.352492 0.453518 0.000169991
-0.178686 -0.317408 -0.323742 0.309044 0.34524 0.444187 0.000166493
-0.17476 -0.310433 -0.316628 0.302253 0.337654 0.434427 0.000162835
-0.170672 -0.303172 -0.309222 0.295184 0.329756 0.424266 0.000159026
-0.166434 -0.295644 -0.301544 0.287854 0.321568 0.413731 0.000155077
-0.162057 -0.287868 -0.293613 0.280283 0.31311 0.40285 0.000150999
-0.157552 -0.279866 -0.285451 0.272491 0.304406 0.39165 0.000146801
-0.152929 -0.271655 -0.277076 0.264497 0.295475 0.38016 0.000142494
-0.148201 -0.263256 -0.26851 0.25632 0.28634 0.368407 0.000138089
-0.143379 -0.25469 -0.259772 0.247979 0.277022 0.356418 0.000133595
-0.138473 -0.245975 -0.250883 0.239493 0.267543 0.344222 0.000129024
-0.133494 -0.237131 -0.241863 0.230883 0.257924 0.331846 0.000124385
-0.128454 -0.228179 -0.232732 0.222166 0.248187 0.319318 0.000119689
-0.123364 -0.219137 -0.22351 0.213363 0.238352 0.306665 0.000114946
-0.118235 -0.210026 -0.214218 0.204492 0.228443 0.293916 0.000110167
-0.113079 -0.200866 -0.204875 0.195574 0.21848 0.281097 0.000105363
-0.107905 -0.191677 -0.195502 0.186626 0.208484 0.268237 0.000100542
-0.102726 -0.182477 -0.186118 0.177669 0.198478 0.255362 9.57166e-05
-0.0975529 -0.173287 -0.176745 0.168721 0.188482 0.242502 9.08962e-05
-0.0923961 -0.164127 -0.167402 0.159802 0.178519 0.229683 8.60913e-05
-0.0872672 -0.155016 -0.15811 0.150932 0.168609 0.216933 8.13124e-05
-0.0821773 -0.145975 -0.148888 0.142129 0.158775 0.204281 7.65698e-05
-0.0771375 -0.137023 -0.139757 0.133412 0.149037 0.191752 7.18739e-05
-0.072159 -0.128179 -0.130737 0.124801 0.139418 0.179376 6.72351e-05
-0.0672528 -0.119464 -0.121848 0.116316 0.129939 0.16718 6.26637e-05
-0.0624301 -0.110897 -0.11311 0.107975 0.120621 0.155192 5.81701e-05
-0.0577021 -0.102499 -0.104544 0.0997978 0.111486 0.143439 5.37647e-05
-0.0530799 -0.094288 -0.0961696 0.0918035 0.102556 0.131949 4.94579e-05
-0.0485746 -0.086285 -0.088007 0.0840114 0.093851 0.120749 4.526e-05
-0.0441974 -0.0785096 -0.0800763 0.0764409 0.0853938 0.109868 4.11815e-05
-0.0399593 -0.0709814 -0.0723979 0.069111 0.0772054 0.0993329 3.72326e-05
-0.0358716 -0.0637202 -0.0649918 0.0620412 0.0693076 0.0891715 3.34239e-05
-0.0319454 -0.0567459 -0.0578783 0.0552506 0.0617217 0.0794114 2.97655e-05
-0.0281917 -0.0500781 -0.0510775 0.0487586 0.0544693 0.0700805 2.6268e-05
-0.0246218 -0.0437368 -0.0446096 0.0425843 0.0475719 0.0612062 2.29417e-05
-0.0212468 -0.0377416 -0.0384947 0.0367471 0.041051 0.0528164 1.9797e-05
-0.0180778 -0.0321123 -0.0327532 0.0312662 0.0349281 0.0449387 1.68442e-05
-0.0151259 -0.0268688 -0.027405 0.0261608 0.0292248 0.0376008 1.40938e-05
-0.0124023 -0.0220308 -0.0224704 0.0214502 0.0239625 0.0308303 1.1556e-05
-0.00991814 -0.017618 -0.0179696 0.0171538 0.0191629 0.024655 9.24137e-06
-0.00768452 -0.0136503 -0.0139227 0.0132906 0.0148473 0.0191026 7.16016e-06
-0.00571258 -0.0101475 -0.01035 0.00988011 0.0110373 0.0142006 5.32278e-06
-0.00401347 -0.00712929 -0.00727157 0.00694144 0.00775443 0.00997689 3.73961e-06
-0.00259832 -0.0046155 -0.0047076 0.00449388 0.00502021 0.00645903 2.42102e-06
-0.00147826 -0.00262589 -0.00267829 0.0025567 0.00285614 0.00367473 1.37739e-06
-0.000664427 -0.00118025 -0.0012038 0.00114915 0.00128374 0.00165167 6.19089e-07
-0.000167963 -0.000298359 -0.000304313 0.000290497 0.000324521 0.00041753 1.56501e-07
0 0 0 0 0 0 0
