1.31989 1.39998 -0.200418 1.72003 1.63243e-05 1.65976 -0.000175569
1.31957 1.39993 -0.201652 1.72013 6.45755e-05 1.65906 -0.000694515
1.31905 1.39984 -0.203675 1.7203 0.000143672 1.6579 -0.0015452
1.31833 1.39971 -0.206459 1.72053 0.00025253 1.6563 -0.00271598
1.31742 1.39955 -0.209977 1.72081 0.000390069 1.65429 -0.00419522
1.31633 1.39936 -0.214201 1.72116 0.000555205 1.65188 -0.00597128
1.31506 1.39914 -0.219103 1.72156 0.000746858 1.64907 -0.00803251
1.31362 1.3989 -0.224655 1.72201 0.000963943 1.6459 -0.0103673
1.31202 1.39862 -0.23083 1.72252 0.00120538 1.64236 -0.012964
1.31027 1.39832 -0.237601 1.72307 0.00147009 1.63849 -0.0158109
1.30837 1.39799 -0.244939 1.72367 0.00175698 1.63429 -0.0188964
1.30633 1.39764 -0.252816 1.72431 0.00206497 1.62979 -0.022209
1.30416 1.39726 -0.261206 1.725 0.00239299 1.62499 -0.0257368
1.30187 1.39686 -0.27008 1.72572 0.00273995 1.61991 -0.0294684
1.29945 1.39644 -0.279411 1.72648 0.00310477 1.61457 -0.033392
1.29692 1.39601 -0.289171 1.72728 0.00348636 1.60899 -0.037496
1.2943 1.39555 -0.299333 1.72811 0.00388364 1.60317 -0.0417689
1.29157 1.39508 -0.309868 1.72897 0.00429554 1.59715 -0.0461988
1.28875 1.39459 -0.320749 1.72986 0.00472096 1.59092 -0.0507743
1.28586 1.39409 -0.331949 1.73077 0.00515883 1.58452 -0.0554836
1.28288 1.39358 -0.343439 1.73171 0.00560806 1.57794 -0.0603151
1.27984 1.39305 -0.355192 1.73267 0.00606758 1.57122 -0.0652572
1.27674 1.39251 -0.36718 1.73365 0.00653629 1.56436 -0.0702983
1.27358 1.39197 -0.379376 1.73464 0.00701312 1.55738 -0.0754266
1.27038 1.39141 -0.391752 1.73565 0.00749699 1.5503 -0.0806306
1.26714 1.39085 -0.404281 1.73668 0.0079868 1.54314 -0.0858987
1.26386 1.39029 -0.416933 1.73771 0.00848149 1.5359 -0.0912191
1.26056 1.38972 -0.429683 1.73875 0.00897997 1.52861 -0.0965802
1.25725 1.38914 -0.442502 1.7398 0.00948115 1.52127 -0.10197
1.25392 1.38857 -0.455362 1.74085 0.00998396 1.51391 -0.107378
1.25059 1.38799 -0.468237 1.7419 0.0104873 1.50655 -0.112792
1.24726 1.38741 -0.481097 1.74295 0.0109901 1.49919 -0.118199
1.24394 1.38684 -0.493916 1.74399 0.0114913 1.49186 -0.12359
1.24064 1.38627 -0.506665 1.74503 0.0119898 1.48457 -0.128951
1.23737 1.3857 -0.519318 1.74607 0.0124845 1.47733 -0.134271
1.23413 1.38514 -0.531846 1.74709 0.0129743 1.47016 -0.139539
1.23093 1.38459 -0.544222 1.7481 0.0134581 1.46308 -0.144743
1.22777 1.38404 -0.556418 1.7491 0.013935 1.4561 -0.149872
1.22467 1.3835 -0.568407 1.75007 0.0144037 1.44925 -0.154913
1.22163 1.38298 -0.58016 1.75103 0.0148632 1.44252 -0.159855
1.21865 1.38246 -0.59165 1.75197 0.0153124 1.43595 -0.164686
1.21575 1.38196 -0.60285 1.75289 0.0157503 1.42954 -0.169396
1.21294 1.38148 -0.613731 1.75377 0.0161757 1.42332 -0.173971
1.21021 1.381 -0.624266 1.75463 0.0165876 1.41729 -0.178401
1.20758 1.38055 -0.634427 1.75546 0.0169849 1.41148 -0.182674
1.20506 1.38011 -0.644187 1.75626 0.0173665 1.40589 -0.186778
1.20264 1.37969 -0.653518 1.75702 0.0177313 1.40056 -0.190702
1.20035 1.3793 -0.662393 1.75775 0.0180783 1.39548 -0.194433
1.19818 1.37892 -0.670782 1.75843 0.0184063 1.39068 -0.197961
1.19614 1.37857 -0.67866 1.75907 0.0187143 1.38617 -0.201273
1.19424 1.37824 -0.685998 1.75967 0.0190012 1.38197 -0.204359
1.19249 1.37794 -0.692768 1.76023 0.0192659 1.3781 -0.207206
1.19089 1.37766 -0.698944 1.76073 0.0195073 1.37457 -0.209803
1.18945 1.37741 -0.704496 1.76118 0.0197244 1.37139 -0.212137
1.18818 1.37719 -0.709398 1.76158 0.0199161 1.36859 -0.214199
1.18709 1.377 -0.713622 1.76193 0.0200812 1.36617 -0.215975
1.18618 1.37685 -0.71714 1.76222 0.0202187 1.36416 -0.217454
1.18546 1.37672 -0.719924 1.76244 0.0203276 1.36257 -0.218625
1.18494 1.37663 -0.721947 1.76261 0.0204067 1.36141 -0.219475
1.18462 1.37657 -0.723181 1.76271 0.0204549 1.3607 -0.219994
1.18451 1.37656 -0.723599 1.76274 0.0204713 1.36046 -0.22017
1.18438 1.3765 -0.724016 1.76274 0.0204657 1.36018 -0.220329
1.18399 1.37633 -0.72525 1.76272 0.0204492 1.35933 -0.220801
1.18336 1.37605 -0.727274 1.7627 0.0204222 1.35794 -0.221573
1.18248 1.37567 -0.730058 1.76266 0.020385 1.35602 -0.222637
1.18138 1.37519 -0.733576 1.76262 0.020338 1.3536 -0.22398
1.18006 1.37461 -0.737799 1.76257 0.0202816 1.3507 -0.225594
1.17852 1.37394 -0.742701 1.76251 0.0202161 1.34733 -0.227466
1.17678 1.37318 -0.748254 1.76244 0.0201419 1.34351 -0.229587
1.17485 1.37233 -0.754429 1.76237 0.0200594 1.33926 -0.231945
1.17273 1.37141 -0.7612 1.76229 0.019969 1.33461 -0.234531
1.17043 1.3704 -0.768537 1.7622 0.0198709 1.32956 -0.237334
1.16796 1.36932 -0.776415 1.7621 0.0197657 1.32414 -0.240342
1.16533 1.36817 -0.784805 1.762 0.0196536 1.31837 -0.243547
1.16255 1.36696 -0.793679 1.76189 0.0195351 1.31227 -0.246936
1.15963 1.36568 -0.80301 1.76178 0.0194104 1.30585 -0.2505
1.15657 1.36434 -0.81277 1.76166 0.01928 1.29914 -0.254228
1.15338 1.36295 -0.822932 1.76154 0.0191443 1.29216 -0.258109
1.15008 1.36151 -0.833467 1.76141 0.0190036 1.28491 -0.262132
1.14667 1.36002 -0.844348 1.76128 0.0188582 1.27743 -0.266288
1.14317 1.35848 -0.855547 1.76114 0.0187086 1.26973 -0.270566
1.13957 1.35691 -0.867038 1.76101 0.0185551 1.26182 -0.274954
1.13588 1.3553 -0.878791 1.76086 0.0183981 1.25374 -0.279443
1.13213 1.35366 -0.890779 1.76072 0.0182379 1.2455 -0.284022
1.12831 1.35198 -0.902975 1.76057 0.018075 1.23711 -0.28868
1.12443 1.35029 -0.915351 1.76042 0.0179097 1.2286 -0.293407
1.1205 1.34857 -0.927879 1.76027 0.0177423 1.21998 -0.298192
1.11654 1.34684 -0.940532 1.76012 0.0175733 1.21128 -0.303024
1.11254 1.34509 -0.953282 1.75996 0.017403 1.20252 -0.307894
1.10853 1.34334 -0.966101 1.75981 0.0172317 1.1937 -0.31279
1.1045 1.34158 -0.978961 1.75965 0.0170599 1.18486 -0.317702
1.10046 1.33981 -0.991835 1.75949 0.016888 1.176 -0.322619
1.09643 1.33805 -1.0047 1.75934 0.0167162 1.16716 -0.327531
1.09242 1.3363 -1.01751 1.75918 0.0165449 1.15834 -0.332427
1.08842 1.33455 -1.03026 1.75903 0.0163746 1.14958 -0.337296
1.08446 1.33282 -1.04292 1.75888 0.0162056 1.14088 -0.342129
1.08053 1.3311 -1.05545 1.75872 0.0160382 1.13226 -0.346914
1.07666 1.3294 -1.06782 1.75857 0.0158729 1.12375 -0.351641
1.07283 1.32773 -1.08002 1.75843 0.01571 1.11536 -0.356299
1.06908 1.32609 -1.09201 1.75828 0.0155498 1.10712 -0.360877
1.0654 1.32448 -1.10376 1.75814 0.0153928 1.09904 -0.365366
1.06179 1.32291 -1.11525 1.758 0.0152393 1.09113 -0.369755
1.05829 1.32137 -1.12645 1.75786 0.0150897 1.08343 -0.374032
1.05488 1.31988 -1.13733 1.75773 0.0149443 1.07595 -0.378188
1.05158 1.31844 -1.14786 1.7576 0.0148036 1.0687 -0.382212
1.04839 1.31705 -1.15803 1.75748 0.0146679 1.06172 -0.386093
1.04533 1.31571 -1.16779 1.75736 0.0145375 1.055 -0.389821
1.04241 1.31443 -1.17712 1.75725 0.0144128 1.04859 -0.393385
1.03963 1.31322 -1.18599 1.75714 0.0142943 1.04249 -0.396774
1.037 1.31207 -1.19438 1.75704 0.0141822 1.03672 -0.399978
1.03453 1.31099 -1.20226 1.75695 0.014077 1.0313 -0.402987
1.03223 1.30998 -1.2096 1.75686 0.0139789 1.02625 -0.40579
1.03011 1.30906 -1.21637 1.75677 0.0138885 1.0216 -0.408376
1.02818 1.30821 -1.22254 1.7567 0.013806 1.01735 -0.410734
1.02644 1.30745 -1.22809 1.75663 0.0137318 1.01353 -0.412855
1.0249 1.30678 -1.233 1.75657 0.0136663 1.01016 -0.414727
1.02358 1.3062 -1.23722 1.75652 0.0136099 1.00726 -0.41634
1.02248 1.30572 -1.24074 1.75648 0.0135629 1.00484 -0.417684
1.0216 1.30534 -1.24352 1.75645 0.0135257 1.00292 -0.418747
1.02097 1.30506 -1.24555 1.75642 0.0134987 1.00153 -0.41952
1.02058 1.30489 -1.24678 1.75641 0.0134822 1.00068 -0.419991
1.02045 1.30483 -1.2472 1.7564 0.0134766 1.00039 -0.420151
1.02032 1.30478 -1.24762 1.7564 0.0134711 1.00011 -0.42031
1.01993 1.30461 -1.24885 1.75638 0.0134546 0.999259 -0.420782
1.0193 1.30433 -1.25087 1.75636 0.0134276 0.997868 -0.421554
1.01843 1.30395 -1.25366 1.75632 0.0133904 0.995953 -0.422618
1.01733 1.30347 -1.25717 1.75628 0.0133434 0.993534 -0.423961
1.016 1.30289 -1.2614 1.75623 0.0132869 0.990629 -0.425574
1.01447 1.30222 -1.2663 1.75617 0.0132215 0.987258 -0.427447
1.01273 1.30146 -1.27185 1.7561 0.0131473 0.98344 -0.429567
1.01079 1.30061 -1.27803 1.75603 0.0130648 0.979193 -0.431926
1.00867 1.29968 -1.2848 1.75595 0.0129743 0.974537 -0.434512
1.00637 1.29868 -1.29214 1.75586 0.0128763 0.969491 -0.437314
1.0039 1.2976 -1.30001 1.75576 0.0127711 0.964074 -0.440323
1.00128 1.29645 -1.3084 1.75566 0.012659 0.958304 -0.443528
0.998495 1.29523 -1.31728 1.75555 0.0125405 0.952202 -0.446917
0.995571 1.29396 -1.32661 1.75544 0.0124158 0.945785 -0.450481
0.992513 1.29262 -1.33637 1.75532 0.0122854 0.939073 -0.454208
0.989329 1.29123 -1.34653 1.7552 0.0121497 0.932085 -0.458089
0.986028 1.28978 -1.35707 1.75507 0.0120089 0.92484 -0.462113
0.982619 1.28829 -1.36795 1.75494 0.0118636 0.917358 -0.466269
0.97911 1.28676 -1.37915 1.7548 0.011714 0.909656 -0.470547
0.97551 1.28519 -1.39064 1.75466 0.0115605 0.901754 -0.474935
0.971827 1.28358 -1.40239 1.75452 0.0114035 0.893672 -0.479424
0.968071 1.28193 -1.41438 1.75438 0.0112433 0.885428 -0.484003
0.96425 1.28026 -1.42657 1.75423 0.0110804 0.877041 -0.488661
0.960372 1.27857 -1.43895 1.75408 0.0109151 0.86853 -0.493388
0.956447 1.27685 -1.45148 1.75393 0.0107477 0.859915 -0.498173
0.952482 1.27512 -1.46413 1.75377 0.0105787 0.851213 -0.503005
0.948488 1.27337 -1.47688 1.75362 0.0104084 0.842446 -0.507875
0.944471 1.27162 -1.4897 1.75346 0.0102371 0.83363 -0.512771
0.940442 1.26985 -1.50256 1.75331 0.0100653 0.824787 -0.517683
0.936408 1.26809 -1.51543 1.75315 0.00989335 0.815933 -0.5226
0.932379 1.26633 -1.52829 1.753 0.00972155 0.807089 -0.527512
0.928362 1.26457 -1.54111 1.75284 0.0095503 0.798274 -0.532407
0.924367 1.26283 -1.55386 1.75269 0.00937998 0.789506 -0.537277
0.920403 1.26109 -1.56652 1.75253 0.00921096 0.780805 -0.54211
0.916478 1.25938 -1.57904 1.75238 0.0090436 0.77219 -0.546895
0.9126 1.25768 -1.59142 1.75223 0.00887827 0.763679 -0.551621
0.908779 1.25601 -1.60362 1.75208 0.00871535 0.755292 -0.556279
0.905022 1.25437 -1.6156 1.75194 0.0085552 0.747048 -0.560858
0.90134 1.25276 -1.62736 1.7518 0.00839819 0.738965 -0.565347
0.89774 1.25119 -1.63885 1.75166 0.0082447 0.731064 -0.569736
0.894231 1.24965 -1.65005 1.75152 0.00809509 0.723362 -0.574013
0.890821 1.24816 -1.66093 1.75139 0.00794973 0.715879 -0.578169
0.887521 1.24672 -1.67146 1.75126 0.00780899 0.708634 -0.582193
0.884337 1.24533 -1.68162 1.75114 0.00767325 0.701647 -0.586074
0.881279 1.24399 -1.69138 1.75102 0.00754287 0.694935 -0.589802
0.878355 1.24271 -1.70072 1.75091 0.00741822 0.688518 -0.593365
0.875575 1.2415 -1.70959 1.7508 0.00729967 0.682415 -0.596755
0.872946 1.24035 -1.71798 1.7507 0.00718759 0.676646 -0.599959
0.870478 1.23927 -1.72586 1.7506 0.00708235 0.671229 -0.602968
0.868178 1.23826 -1.7332 1.75052 0.00698433 0.666182 -0.60577
0.866057 1.23733 -1.73997 1.75043 0.00689388 0.661526 -0.608356
0.864122 1.23649 -1.74614 1.75036 0.00681139 0.65728 -0.610715
0.862383 1.23573 -1.75169 1.75029 0.00673722 0.653461 -0.612836
0.860847 1.23506 -1.7566 1.75023 0.00667173 0.65009 -0.614708
0.859523 1.23448 -1.76082 1.75018 0.00661531 0.647186 -0.616321
0.858421 1.234 -1.76434 1.75014 0.00656832 0.644767 -0.617665
0.857549 1.23361 -1.76712 1.7501 0.00653112 0.642852 -0.618728
0.856915 1.23334 -1.76914 1.75008 0.00650409 0.641461 -0.619501
0.856528 1.23317 -1.77038 1.75006 0.00648761 0.640612 -0.619972
0.856397 1.23311 -1.7708 1.75006 0.00648203 0.640325 -0.620132
0.856202 1.23283 -1.77093 1.74979 0.00633221 0.639907 -0.620073
0.855624 1.23201 -1.77132 1.74901 0.00588938 0.638673 -0.619902
0.854676 1.23066 -1.77196 1.74772 0.00516346 0.63665 -0.61962
0.853373 1.2288 -1.77285 1.74594 0.00416439 0.633866 -0.619232
0.851725 1.22646 -1.77397 1.7437 0.0029021 0.630348 -0.618742
0.849747 1.22364 -1.77531 1.74101 0.00138653 0.626124 -0.618154
0.847452 1.22037 -1.77687 1.73788 -0.000372394 0.621222 -0.617471
0.844851 1.21667 -1.77863 1.73434 -0.00236474 0.61567 -0.616698
0.84196 1.21255 -1.78059 1.73041 -0.00458057 0.609495 -0.615838
0.838789 1.20804 -1.78274 1.72609 -0.00700995 0.602724 -0.614895
0.835353 1.20315 -1.78508 1.72141 -0.00964296 0.595386 -0.613873
0.831663 1.19789 -1.78758 1.71639 -0.0124697 0.587509 -0.612776
0.827735 1.1923 -1.79024 1.71104 -0.0154801 0.579119 -0.611607
0.823579 1.18638 -1.79306 1.70538 -0.0186644 0.570244 -0.610371
0.819209 1.18016 -1.79603 1.69943 -0.0220125 0.560914 -0.609072
0.814638 1.17365 -1.79913 1.69321 -0.0255147 0.551153 -0.607712
0.80988 1.16688 -1.80236 1.68673 -0.0291608 0.540992 -0.606297
0.804946 1.15985 -1.80571 1.68002 -0.0329411 0.530457 -0.60483
0.799851 1.1526 -1.80917 1.67308 -0.0368455 0.519576 -0.603314
0.794606 1.14513 -1.81272 1.66594 -0.0408641 0.508376 -0.601755
0.789225 1.13747 -1.81637 1.65862 -0.044987 0.496886 -0.600154
0.783721 1.12963 -1.82011 1.65112 -0.0492043 0.485133 -0.598517
0.778107 1.12164 -1.82392 1.64348 -0.053506 0.473145 -0.596848
0.772396 1.11351 -1.82779 1.6357 -0.0578822 0.460949 -0.595149
0.7666 1.10525 -1.83173 1.62781 -0.062323 0.448573 -0.593425
0.760733 1.0969 -1.83571 1.61983 -0.0668184 0.436044 -0.591681
0.754808 1.08846 -1.83973 1.61176 -0.0713584 0.423392 -0.589918
0.748837 1.07996 -1.84378 1.60363 -0.0759333 0.410642 -0.588143
0.742834 1.07141 -1.84785 1.59546 -0.080533 0.397823 -0.586357
0.736811 1.06284 -1.85194 1.58726 -0.0851476 0.384963 -0.584566
0.730782 1.05426 -1.85603 1.57906 -0.0897671 0.372088 -0.582773
0.72476 1.04568 -1.86012 1.57086 -0.0943817 0.359228 -0.580982
0.718757 1.03713 -1.86419 1.56268 -0.0989814 0.346409 -0.579197
0.712786 1.02863 -1.86824 1.55456 -0.103556 0.33366 -0.577421
0.706861 1.02019 -1.87226 1.54649 -0.108096 0.321007 -0.575659
0.700994 1.01184 -1.87624 1.5385 -0.112592 0.308479 -0.573914
0.695198 1.00359 -1.88018 1.53061 -0.117033 0.296103 -0.57219
0.689487 0.995457 -1.88405 1.52284 -0.121409 0.283907 -0.570492
0.683873 0.987463 -1.88786 1.5152 -0.12571 0.271918 -0.568822
0.678369 0.979626 -1.89159 1.5077 -0.129928 0.260165 -0.567185
0.672988 0.971965 -1.89525 1.50038 -0.134051 0.248675 -0.565585
0.667743 0.964497 -1.8988 1.49324 -0.138069 0.237475 -0.564025
0.662648 0.957242 -1.90226 1.4863 -0.141974 0.226594 -0.56251
0.657714 0.950217 -1.90561 1.47958 -0.145754 0.216059 -0.561042
0.652955 0.943442 -1.90884 1.47311 -0.1494 0.205898 -0.559627
0.648385 0.936934 -1.91194 1.46688 -0.152902 0.196138 -0.558268
0.644015 0.930712 -1.9149 1.46094 -0.15625 0.186807 -0.556968
0.639859 0.924795 -1.91772 1.45528 -0.159435 0.177932 -0.555732
0.63593 0.919201 -1.92039 1.44993 -0.162445 0.169543 -0.554564
0.632241 0.913948 -1.92289 1.44491 -0.165272 0.161665 -0.553467
0.628805 0.909055 -1.92523 1.44023 -0.167905 0.154327 -0.552445
0.625634 0.904541 -1.92738 1.43591 -0.170334 0.147556 -0.551502
0.622742 0.900423 -1.92934 1.43198 -0.17255 0.141381 -0.550642
0.620142 0.896721 -1.9311 1.42844 -0.174542 0.135829 -0.549868
0.617847 0.893452 -1.93266 1.42531 -0.176301 0.130927 -0.549186
0.615869 0.890636 -1.934 1.42262 -0.177817 0.126703 -0.548598
0.614221 0.88829 -1.93512 1.42038 -0.179079 0.123185 -0.548108
0.612917 0.886434 -1.93601 1.4186 -0.180078 0.120401 -0.54772
0.61197 0.885085 -1.93665 1.41731 -0.180804 0.118378 -0.547438
0.611392 0.884262 -1.93704 1.41652 -0.181247 0.117144 -0.547266
0.611196 0.883984 -1.93717 1.41626 -0.181397 0.116726 -0.547208
0.610865 0.883512 -1.9374 1.41581 -0.181651 0.116018 -0.547109
0.609895 0.882131 -1.93806 1.41449 -0.182394 0.113948 -0.546821
0.608325 0.879895 -1.93912 1.41235 -0.183597 0.110595 -0.546354
0.606192 0.876858 -1.94057 1.40945 -0.185231 0.10604 -0.54572
0.603533 0.873072 -1.94237 1.40583 -0.187268 0.100362 -0.544929
0.600387 0.868592 -1.94451 1.40154 -0.189679 0.0936431 -0.543993
0.59679 0.863471 -1.94695 1.39665 -0.192436 0.0859621 -0.542923
0.59278 0.857761 -1.94967 1.39119 -0.195508 0.0773994 -0.541731
0.588395 0.851517 -1.95265 1.38522 -0.198868 0.0680353 -0.540427
0.583672 0.844792 -1.95585 1.37879 -0.202487 0.0579498 -0.539022
0.578648 0.83764 -1.95926 1.37195 -0.206336 0.0472231 -0.537528
0.573362 0.830114 -1.96284 1.36475 -0.210386 0.0359354 -0.535956
0.567851 0.822266 -1.96658 1.35725 -0.214609 0.0241667 -0.534317
0.562152 0.814152 -1.97045 1.34949 -0.218976 0.0119973 -0.532622
0.556303 0.805824 -1.97442 1.34153 -0.223457 -0.000492643 -0.530882
0.550341 0.797335 -1.97847 1.33341 -0.228025 -0.0132231 -0.529109
0.544305 0.78874 -1.98256 1.3252 -0.232651 -0.0261138 -0.527314
0.53823 0.780091 -1.98668 1.31693 -0.237305 -0.0390847 -0.525508
0.532156 0.771443 -1.9908 1.30866 -0.241959 -0.0520556 -0.523701
0.526119 0.762847 -1.9949 1.30044 -0.246585 -0.0649463 -0.521906
0.520158 0.754359 -1.99895 1.29232 -0.251153 -0.0776767 -0.520133
0.514309 0.746031 -2.00291 1.28436 -0.255634 -0.0901667 -0.518393
0.50861 0.737916 -2.00678 1.2766 -0.260001 -0.102336 -0.516698
0.503099 0.730069 -2.01052 1.2691 -0.264224 -0.114105 -0.515059
0.497813 0.722543 -2.01411 1.2619 -0.268274 -0.125392 -0.513487
0.492789 0.71539 -2.01752 1.25507 -0.272123 -0.136119 -0.511993
0.488066 0.708665 -2.02072 1.24864 -0.275742 -0.146205 -0.510589
0.483681 0.702422 -2.0237 1.24267 -0.279102 -0.155569 -0.509284
0.479671 0.696712 -2.02642 1.23721 -0.282175 -0.164131 -0.508092
0.476074 0.69159 -2.02886 1.23231 -0.284931 -0.171812 -0.507022
0.472928 0.68711 -2.03099 1.22803 -0.287342 -0.178532 -0.506086
0.470269 0.683325 -2.0328 1.22441 -0.289379 -0.184209 -0.505296
0.468136 0.680287 -2.03424 1.2215 -0.291013 -0.188764 -0.504661
0.466566 0.678052 -2.03531 1.21937 -0.292217 -0.192117 -0.504194
0.465596 0.676671 -2.03597 1.21805 -0.292959 -0.194188 -0.503906
0.465264 0.676199 -2.03619 1.21759 -0.293214 -0.194896 -0.503807
0.465169 0.67606 -2.03578 1.21734 -0.293153 -0.194856 -0.503704
0.464887 0.675651 -2.03454 1.21661 -0.292976 -0.194737 -0.503399
0.464425 0.674979 -2.03252 1.2154 -0.292684 -0.194544 -0.502898
0.463788 0.674054 -2.02973 1.21373 -0.292283 -0.194277 -0.502209
0.462985 0.672886 -2.02622 1.21163 -0.291777 -0.193941 -0.501339
0.46202 0.671483 -2.02199 1.2091 -0.291169 -0.193536 -0.500294
0.460899 0.669855 -2.01709 1.20617 -0.290463 -0.193067 -0.499081
0.459631 0.668011 -2.01154 1.20285 -0.289663 -0.192536 -0.497707
0.45822 0.665961 -2.00536 1.19916 -0.288774 -0.191945 -0.496179
0.456673 0.663712 -1.99859 1.19511 -0.287799 -0.191297 -0.494504
0.454996 0.661275 -1.99125 1.19072 -0.286742 -0.190594 -0.492688
0.453196 0.658659 -1.98338 1.18601 -0.285608 -0.18984 -0.490739
0.451279 0.655873 -1.97499 1.18099 -0.2844 -0.189037 -0.488663
0.449251 0.652926 -1.96611 1.17569 -0.283122 -0.188188 -0.486468
0.447119 0.649827 -1.95678 1.17011 -0.281778 -0.187295 -0.484159
0.444889 0.646586 -1.94702 1.16427 -0.280373 -0.18636 -0.481744
0.442567 0.643212 -1.93686 1.1582 -0.278909 -0.185388 -0.47923
0.44016 0.639713 -1.92632 1.1519 -0.277392 -0.184379 -0.476623
0.437673 0.636099 -1.91544 1.14539 -0.275826 -0.183338 -0.473931
0.435114 0.63238 -1.90424 1.13869 -0.274213 -0.182266 -0.47116
0.432489 0.628564 -1.89275 1.13182 -0.272558 -0.181166 -0.468317
0.429803 0.624661 -1.881 1.12479 -0.270866 -0.180041 -0.465409
0.427064 0.62068 -1.86901 1.11762 -0.269139 -0.178894 -0.462442
0.424277 0.61663 -1.85682 1.11033 -0.267383 -0.177726 -0.459425
0.421449 0.61252 -1.84444 1.10293 -0.265601 -0.176542 -0.456363
0.418587 0.60836 -1.83191 1.09544 -0.263797 -0.175343 -0.453263
0.415696 0.604158 -1.81926 1.08787 -0.261975 -0.174132 -0.450132
0.412782 0.599924 -1.80651 1.08025 -0.260139 -0.172911 -0.446978
0.409853 0.595667 -1.79369 1.07258 -0.258293 -0.171684 -0.443806
0.406915 0.591396 -1.78083 1.06489 -0.256441 -0.170453 -0.440624
0.403973 0.58712 -1.76796 1.0572 -0.254587 -0.169221 -0.437439
0.401034 0.58285 -1.7551 1.04951 -0.252735 -0.16799 -0.434257
0.398105 0.578593 -1.74228 1.04184 -0.250889 -0.166763 -0.431085
0.395192 0.574359 -1.72953 1.03422 -0.249053 -0.165543 -0.42793
0.392301 0.570157 -1.71687 1.02665 -0.247231 -0.164332 -0.4248
0.389438 0.565996 -1.70435 1.01916 -0.245427 -0.163133 -0.4217
0.386611 0.561886 -1.69197 1.01176 -0.243645 -0.161948 -0.418638
0.383824 0.557836 -1.67977 1.00446 -0.241889 -0.160781 -0.41562
0.381084 0.553855 -1.66779 0.997296 -0.240163 -0.159633 -0.412654
0.378399 0.549952 -1.65603 0.990268 -0.23847 -0.158508 -0.409746
0.375773 0.546136 -1.64454 0.983397 -0.236816 -0.157408 -0.406903
0.373214 0.542417 -1.63334 0.9767 -0.235203 -0.156337 -0.404132
0.370728 0.538803 -1.62246 0.970193 -0.233636 -0.155295 -0.401439
0.368321 0.535305 -1.61193 0.963894 -0.232119 -0.154287 -0.398833
0.365999 0.53193 -1.60177 0.957817 -0.230656 -0.153314 -0.396319
0.363769 0.528689 -1.59201 0.951981 -0.22925 -0.15238 -0.393904
0.361637 0.52559 -1.58267 0.946401 -0.227906 -0.151487 -0.391595
0.359609 0.522643 -1.5738 0.941095 -0.226629 -0.150637 -0.389399
0.357692 0.519857 -1.56541 0.936078 -0.22542 -0.149834 -0.387323
0.355892 0.517241 -1.55753 0.931367 -0.224286 -0.14908 -0.385374
0.354215 0.514804 -1.55019 0.926979 -0.223229 -0.148378 -0.383559
0.352668 0.512556 -1.54342 0.922931 -0.222254 -0.14773 -0.381884
0.351257 0.510505 -1.53725 0.919238 -0.221365 -0.147139 -0.380356
0.349988 0.508661 -1.5317 0.915918 -0.220566 -0.146607 -0.378982
0.348868 0.507033 -1.52679 0.912987 -0.21986 -0.146138 -0.377769
0.347903 0.50563 -1.52257 0.910461 -0.219252 -0.145734 -0.376724
0.347099 0.504462 -1.51905 0.908357 -0.218745 -0.145397 -0.375853
0.346463 0.503538 -1.51627 0.906692 -0.218344 -0.145131 -0.375164
0.346001 0.502866 -1.51425 0.905483 -0.218053 -0.144937 -0.374664
0.345719 0.502456 -1.51301 0.904745 -0.217875 -0.144819 -0.374359
0.345624 0.502317 -1.51259 0.904495 -0.217815 -0.144779 -0.374255
0.345528 0.502179 -1.51218 0.904245 -0.217755 -0.144739 -0.374152
0.345246 0.501769 -1.51094 0.903507 -0.217577 -0.144621 -0.373847
0.344784 0.501097 -1.50892 0.902298 -0.217286 -0.144427 -0.373346
0.344148 0.500172 -1.50614 0.900633 -0.216885 -0.144161 -0.372657
0.343344 0.499004 -1.50262 0.898529 -0.216378 -0.143824 -0.371787
0.342379 0.497601 -1.49839 0.896003 -0.21577 -0.14342 -0.370742
0.341259 0.495973 -1.49349 0.893072 -0.215064 -0.142951 -0.369529
0.33999 0.49413 -1.48794 0.889752 -0.214264 -0.142419 -0.368155
0.338579 0.492079 -1.48176 0.886059 -0.213375 -0.141828 -0.366627
0.337032 0.48983 -1.47499 0.882011 -0.2124 -0.14118 -0.364952
0.335355 0.487394 -1.46766 0.877623 -0.211344 -0.140478 -0.363136
0.333555 0.484777 -1.45978 0.872912 -0.210209 -0.139724 -0.361187
0.331638 0.481991 -1.45139 0.867895 -0.209001 -0.138921 -0.359111
0.32961 0.479044 -1.44251 0.862589 -0.207723 -0.138071 -0.356916
0.327478 0.475945 -1.43318 0.857009 -0.20638 -0.137178 -0.354607
0.325248 0.472704 -1.42342 0.851173 -0.204974 -0.136244 -0.352192
0.322926 0.46933 -1.41326 0.845096 -0.203511 -0.135271 -0.349678
0.320519 0.465831 -1.40273 0.838797 -0.201994 -0.134263 -0.347071
0.318033 0.462218 -1.39184 0.83229 -0.200427 -0.133221 -0.344379
0.315474 0.458498 -1.38065 0.825593 -0.198814 -0.132149 -0.341608
0.312848 0.454683 -1.36916 0.818722 -0.19716 -0.13105 -0.338765
0.310163 0.45078 -1.3574 0.811694 -0.195467 -0.129925 -0.335857
0.307423 0.446798 -1.34541 0.804525 -0.193741 -0.128777 -0.33289
0.304636 0.442748 -1.33322 0.797232 -0.191984 -0.12761 -0.329873
0.301809 0.438638 -1.32084 0.789832 -0.190202 -0.126425 -0.326811
0.298946 0.434478 -1.30831 0.78234 -0.188398 -0.125226 -0.323711
0.296055 0.430276 -1.29566 0.774774 -0.186576 -0.124015 -0.32058
0.293142 0.426042 -1.28291 0.76715 -0.18474 -0.122795 -0.317426
0.290213 0.421785 -1.27009 0.759485 -0.182894 -0.121568 -0.314254
0.287274 0.417514 -1.25723 0.751794 -0.181042 -0.120337 -0.311072
0.284332 0.413239 -1.24436 0.744096 -0.179189 -0.119105 -0.307887
0.281394 0.408968 -1.2315 0.736406 -0.177337 -0.117874 -0.304705
0.278465 0.404711 -1.21868 0.72874 -0.175491 -0.116647 -0.301533
0.275551 0.400477 -1.20593 0.721116 -0.173655 -0.115426 -0.298378
0.27266 0.396275 -1.19328 0.71355 -0.171833 -0.114215 -0.295248
0.269798 0.392114 -1.18075 0.706059 -0.170029 -0.113016 -0.292148
0.26697 0.388004 -1.16837 0.698658 -0.168247 -0.111831 -0.289086
0.264183 0.383954 -1.15618 0.691365 -0.16649 -0.110664 -0.286068
0.261444 0.379973 -1.14419 0.684197 -0.164764 -0.109517 -0.283102
0.258758 0.37607 -1.13243 0.677168 -0.163071 -0.108392 -0.280194
0.256133 0.372254 -1.12094 0.670298 -0.161417 -0.107292 -0.277351
0.253574 0.368535 -1.10974 0.663601 -0.159804 -0.10622 -0.27458
0.251087 0.364921 -1.09886 0.657094 -0.158237 -0.105178 -0.271887
0.24868 0.361423 -1.08833 0.650794 -0.15672 -0.10417 -0.269281
0.246358 0.358048 -1.07817 0.644718 -0.155257 -0.103197 -0.266767
0.244128 0.354807 -1.06841 0.638882 -0.153851 -0.102263 -0.264352
0.241996 0.351708 -1.05908 0.633302 -0.152508 -0.10137 -0.262043
0.239968 0.348761 -1.0502 0.627995 -0.15123 -0.100521 -0.259847
0.238051 0.345975 -1.04181 0.622978 -0.150022 -0.0997177 -0.257771
0.236251 0.343359 -1.03393 0.618268 -0.148887 -0.0989637 -0.255822
0.234574 0.340922 -1.0266 0.61388 -0.147831 -0.0982613 -0.254007
0.233027 0.338674 -1.01983 0.609831 -0.146856 -0.0976133 -0.252331
0.231616 0.336623 -1.01365 0.606139 -0.145967 -0.0970222 -0.250804
0.230348 0.334779 -1.0081 0.602818 -0.145167 -0.0964908 -0.24943
0.229227 0.333151 -1.0032 0.599887 -0.144461 -0.0960216 -0.248217
0.228262 0.331749 -0.998972 0.597361 -0.143853 -0.0956173 -0.247172
0.227459 0.33058 -0.995454 0.595258 -0.143346 -0.0952806 -0.246301
0.226822 0.329656 -0.99267 0.593593 -0.142945 -0.0950141 -0.245612
0.22636 0.328984 -0.990647 0.592383 -0.142654 -0.0948204 -0.245112
0.226078 0.328574 -0.989413 0.591645 -0.142476 -0.0947023 -0.244807
0.225983 0.328435 -0.988995 0.591395 -0.142416 -0.0946623 -0.244703
0.225887 0.328297 -0.988578 0.591146 -0.142356 -0.0946224 -0.2446
0.225605 0.327887 -0.987344 0.590408 -0.142178 -0.0945042 -0.244295
0.225143 0.327215 -0.985321 0.589198 -0.141887 -0.0943106 -0.243794
0.224507 0.32629 -0.982536 0.587533 -0.141486 -0.0940441 -0.243105
0.223703 0.325122 -0.979018 0.58543 -0.140979 -0.0937074 -0.242235
0.222738 0.323719 -0.974795 0.582904 -0.140371 -0.0933031 -0.24119
0.221618 0.322092 -0.969893 0.579973 -0.139665 -0.0928339 -0.239977
0.220349 0.320248 -0.96434 0.576652 -0.138866 -0.0923025 -0.238603
0.218938 0.318197 -0.958165 0.57296 -0.137977 -0.0917114 -0.237075
0.217391 0.315949 -0.951395 0.568911 -0.137002 -0.0910634 -0.2354
0.215714 0.313512 -0.944057 0.564523 -0.135945 -0.090361 -0.233584
0.213914 0.310896 -0.936179 0.559813 -0.134811 -0.089607 -0.231635
0.211997 0.308109 -0.927789 0.554796 -0.133602 -0.0888039 -0.229559
0.209969 0.305162 -0.918915 0.549489 -0.132325 -0.0879545 -0.227364
0.207837 0.302064 -0.909584 0.543909 -0.130981 -0.0870614 -0.225055
0.205607 0.298822 -0.899824 0.538073 -0.129575 -0.0861272 -0.22264
0.203285 0.295448 -0.889662 0.531997 -0.128112 -0.0851546 -0.220126
0.200878 0.291949 -0.879127 0.525697 -0.126595 -0.0841462 -0.217519
0.198392 0.288336 -0.868246 0.51919 -0.125028 -0.0831047 -0.214827
0.195833 0.284617 -0.857047 0.512493 -0.123415 -0.0820328 -0.212056
0.193207 0.280801 -0.845557 0.505622 -0.121761 -0.080933 -0.209213
0.190522 0.276898 -0.833803 0.498594 -0.120068 -0.079808 -0.206305
0.187782 0.272916 -0.821815 0.491426 -0.118342 -0.0786606 -0.203338
0.184996 0.268866 -0.809619 0.484133 -0.116586 -0.0774932 -0.200321
0.182168 0.264756 -0.797243 0.476732 -0.114804 -0.0763086 -0.197259
0.179305 0.260596 -0.784715 0.469241 -0.113 -0.0751095 -0.194159
0.176414 0.256394 -0.772062 0.461675 -0.111178 -0.0738984 -0.191028
0.173501 0.25216 -0.759312 0.454051 -0.109342 -0.0726781 -0.187874
0.170572 0.247903 -0.746493 0.446385 -0.107496 -0.0714511 -0.184702
0.167633 0.243632 -0.733633 0.438695 -0.105644 -0.0702202 -0.18152
0.164691 0.239357 -0.720759 0.430996 -0.10379 -0.0689879 -0.178335
0.161753 0.235086 -0.707898 0.423306 -0.101938 -0.067757 -0.175153
0.158824 0.230829 -0.69508 0.415641 -0.100092 -0.06653 -0.171981
0.15591 0.226595 -0.68233 0.408017 -0.0982561 -0.0653097 -0.168826
0.153019 0.222393 -0.669677 0.400451 -0.0964341 -0.0640986 -0.165696
0.150157 0.218233 -0.657149 0.392959 -0.09463 -0.0628994 -0.162596
0.147329 0.214123 -0.644773 0.385559 -0.0928479 -0.0617149 -0.159534
0.144542 0.210072 -0.632577 0.378266 -0.0910916 -0.0605475 -0.156516
0.141803 0.206091 -0.620589 0.371097 -0.0893653 -0.0594 -0.15355
0.139117 0.202188 -0.608835 0.364069 -0.0876728 -0.0582751 -0.150642
0.136492 0.198372 -0.597345 0.357198 -0.0860182 -0.0571753 -0.147799
0.133933 0.194653 -0.586146 0.350501 -0.0844055 -0.0561033 -0.145028
0.131446 0.19104 -0.575265 0.343994 -0.0828386 -0.0550618 -0.142335
0.129039 0.187541 -0.56473 0.337695 -0.0813215 -0.0540535 -0.139729
0.126717 0.184166 -0.554568 0.331618 -0.0798583 -0.0530808 -0.137215
0.124487 0.180925 -0.544808 0.325782 -0.0784528 -0.0521467 -0.1348
0.122355 0.177827 -0.535477 0.320202 -0.0771091 -0.0512535 -0.132491
0.120327 0.174879 -0.526603 0.314896 -0.0758313 -0.0504041 -0.130295
0.11841 0.172093 -0.518213 0.309879 -0.0746231 -0.0496011 -0.128219
0.11661 0.169477 -0.510335 0.305168 -0.0734887 -0.0488471 -0.12627
0.114933 0.16704 -0.502997 0.30078 -0.072432 -0.0481447 -0.124455
0.113386 0.164792 -0.496227 0.296732 -0.0714571 -0.0474967 -0.122779
0.111975 0.162741 -0.490052 0.293039 -0.0705679 -0.0469056 -0.121252
0.110707 0.160897 -0.484499 0.289719 -0.0697683 -0.0463742 -0.119878
0.109587 0.159269 -0.479597 0.286788 -0.0690624 -0.045905 -0.118665
0.108622 0.157867 -0.475374 0.284262 -0.0684542 -0.0455007 -0.11762
0.107818 0.156698 -0.471856 0.282158 -0.0679476 -0.045164 -0.116749
0.107181 0.155774 -0.469071 0.280493 -0.0675467 -0.0448975 -0.11606
0.106719 0.155102 -0.467048 0.279284 -0.0672553 -0.0447038 -0.11556
0.106437 0.154692 -0.465814 0.278546 -0.0670776 -0.0445857 -0.115255
0.106342 0.154553 -0.465397 0.278296 -0.0670175 -0.0445457 -0.115151
0.106234 0.154396 -0.464924 0.278013 -0.0669494 -0.0445005 -0.115034
0.105915 0.153933 -0.463529 0.277179 -0.0667485 -0.044367 -0.114689
0.105394 0.153175 -0.461247 0.275815 -0.06642 -0.0441486 -0.114125
0.104678 0.152135 -0.458114 0.273941 -0.0659688 -0.0438487 -0.113349
0.103776 0.150824 -0.454165 0.27158 -0.0654002 -0.0434707 -0.112372
0.102695 0.149253 -0.449437 0.268752 -0.0647192 -0.0430181 -0.111202
0.101444 0.147436 -0.443963 0.265479 -0.063931 -0.0424942 -0.109848
0.100031 0.145382 -0.43778 0.261782 -0.0630406 -0.0419024 -0.108318
0.0984646 0.143105 -0.430923 0.257681 -0.0620532 -0.0412461 -0.106622
0.096752 0.140616 -0.423427 0.253199 -0.0609739 -0.0405286 -0.104767
0.0949015 0.137927 -0.415329 0.248357 -0.0598078 -0.0397535 -0.102763
0.0929214 0.135049 -0.406663 0.243175 -0.0585599 -0.0389241 -0.100619
0.0908198 0.131994 -0.397466 0.237675 -0.0572354 -0.0380437 -0.0983434
0.0886047 0.128775 -0.387771 0.231878 -0.0558394 -0.0371158 -0.0959448
0.0862842 0.125402 -0.377616 0.225805 -0.054377 -0.0361438 -0.0934321
0.0838665 0.121889 -0.367035 0.219478 -0.0528534 -0.035131 -0.0908141
0.0813596 0.118245 -0.356064 0.212918 -0.0512735 -0.0340809 -0.0880995
0.0787717 0.114484 -0.344738 0.206145 -0.0496426 -0.0329968 -0.0852972
0.0761109 0.110617 -0.333093 0.199182 -0.0479657 -0.0318822 -0.082416
0.0733852 0.106655 -0.321165 0.192049 -0.046248 -0.0307405 -0.0794645
0.0706028 0.102612 -0.308988 0.184767 -0.0444945 -0.0295749 -0.0764516
0.0677718 0.0984971 -0.296598 0.177358 -0.0427103 -0.0283891 -0.073386
0.0649002 0.0943237 -0.284031 0.169844 -0.0409007 -0.0271862 -0.0702766
0.0619963 0.0901032 -0.271322 0.162244 -0.0390706 -0.0259697 -0.0671321
0.059068 0.0858474 -0.258506 0.154581 -0.0372251 -0.0247431 -0.0639612
0.0561235 0.0815679 -0.24562 0.146875 -0.0353695 -0.0235097 -0.0607728
0.0531709 0.0772767 -0.232698 0.139148 -0.0335088 -0.0222729 -0.0575756
0.0502183 0.0729856 -0.219777 0.131421 -0.031648 -0.0210361 -0.0543785
0.0472738 0.0687061 -0.20689 0.123715 -0.0297924 -0.0198026 -0.05119
0.0443456 0.0644503 -0.194075 0.116052 -0.0279469 -0.018576 -0.0480192
0.0414416 0.0602298 -0.181366 0.108452 -0.0261168 -0.0173596 -0.0448747
0.03857 0.0560564 -0.168799 0.100938 -0.0243072 -0.0161567 -0.0417652
0.035739 0.0519418 -0.156409 0.0935288 -0.022523 -0.0149708 -0.0386997
0.0329566 0.047898 -0.144232 0.0862473 -0.0207695 -0.0138053 -0.0356868
0.0302309 0.0439366 -0.132303 0.0791142 -0.0190518 -0.0126635 -0.0327353
0.0275701 0.0400694 -0.120658 0.0721508 -0.0173749 -0.0115489 -0.029854
0.0249822 0.0363083 -0.109333 0.0653783 -0.015744 -0.0104648 -0.0270517
0.0224753 0.0326649 -0.0983615 0.0588178 -0.0141641 -0.00941474 -0.0243372
0.0200576 0.029151 -0.0877806 0.0524907 -0.0126405 -0.00840197 -0.0217192
0.0177371 0.0257785 -0.0776252 0.046418 -0.0111781 -0.00742995 -0.0192065
0.015522 0.0225592 -0.0679309 0.0406211 -0.00978211 -0.00650205 -0.0168079
0.0134204 0.0195047 -0.0587332 0.035121 -0.00845763 -0.00562168 -0.0145321
0.0114403 0.0166269 -0.0500674 0.0299391 -0.00720975 -0.00479224 -0.012388
0.00958983 0.0139375 -0.0419692 0.0250965 -0.00604359 -0.00401711 -0.0103843
0.00787717 0.0114484 -0.0344738 0.0206145 -0.00496426 -0.00329968 -0.00852972
0.00631038 0.00917129 -0.0276169 0.0165142 -0.00397686 -0.00264337 -0.00683314
0.00489757 0.00711796 -0.0214338 0.0128169 -0.00308649 -0.00205155 -0.00530329
0.00364684 0.00530019 -0.0159601 0.00954376 -0.00229827 -0.00152763 -0.00394895
0.00256629 0.00372976 -0.0112312 0.00671598 -0.0016173 -0.001075 -0.00277889
0.00166404 0.00241846 -0.00728254 0.00435478 -0.00104869 -0.000697053 -0.00180189
0.000948178 0.00137805 -0.00414963 0.00248138 -0.00059755 -0.000397184 -0.00102673
0.000426815 0.000620318 -0.00186792 0.00111697 -0.000268983 -0.000178789 -0.000462173
0.000108054 0.000157043 -0.000472892 0.000282778 -6.80968e-05 -4.52632e-05 -0.000117006
0 0 0 0 0 0 0
