0 0 0 0 0 0 0
-0.000284734 -0.000117216 -0.000613799 0.000148985 -0.000517972 -0.000588056 0.000585956
-0.00112011 -0.000461113 -0.00241462 0.000586089 -0.00203764 -0.00231335 0.00230508
-0.00247789 -0.00102007 -0.00534158 0.00129654 -0.00450764 -0.00511755 0.00509927
-0.00432983 -0.00178245 -0.00933381 0.00226556 -0.0078766 -0.00894234 0.00891041
-0.00664771 -0.00273665 -0.0143304 0.00347837 -0.0120931 -0.0137294 0.0136804
-0.00940327 -0.00387102 -0.0202706 0.0049202 -0.0171059 -0.0194204 0.0193511
-0.0125683 -0.00517396 -0.0270934 0.00657627 -0.0228635 -0.0259571 0.0258644
-0.0161145 -0.00663383 -0.034738 0.00843181 -0.0293146 -0.0332811 0.0331622
-0.0200137 -0.008239 -0.0431435 0.010472 -0.0364079 -0.041334 0.0411864
-0.0242377 -0.00997786 -0.052249 0.0126822 -0.0440918 -0.0500577 0.0498789
-0.0287581 -0.0118388 -0.0619937 0.0150475 -0.0523152 -0.0593937 0.0591816
-0.0335468 -0.0138101 -0.0723167 0.0175531 -0.0610265 -0.0692837 0.0690363
-0.0385755 -0.0158803 -0.0831571 0.0201844 -0.0701745 -0.0796695 0.0793849
-0.043816 -0.0180377 -0.0944541 0.0229264 -0.0797077 -0.0904926 0.0901694
-0.0492401 -0.0202706 -0.106147 0.0257645 -0.0895749 -0.101695 0.101332
-0.0548195 -0.0225674 -0.118174 0.0286839 -0.0997246 -0.113218 0.112813
-0.0605259 -0.0249166 -0.130475 0.0316698 -0.110105 -0.125003 0.124557
-0.0663312 -0.0273064 -0.14299 0.0347073 -0.120666 -0.136993 0.136504
-0.0722071 -0.0297253 -0.155656 0.0377818 -0.131355 -0.149128 0.148596
-0.0781253 -0.0321617 -0.168414 0.0408785 -0.142121 -0.161351 0.160775
-0.0840576 -0.0346038 -0.181203 0.0439826 -0.152913 -0.173603 0.172983
-0.0899758 -0.0370402 -0.193961 0.0470792 -0.163679 -0.185826 0.185162
-0.0958517 -0.0394591 -0.206627 0.0501537 -0.174368 -0.197961 0.197254
-0.101657 -0.0418489 -0.219142 0.0531913 -0.184929 -0.209951 0.209201
-0.107363 -0.0441981 -0.231443 0.0561772 -0.19531 -0.221736 0.220944
-0.112943 -0.0464949 -0.24347 0.0590965 -0.205459 -0.233259 0.232426
-0.118367 -0.0487278 -0.255163 0.0619346 -0.215326 -0.244461 0.243588
-0.123607 -0.0508852 -0.26646 0.0646767 -0.22486 -0.255284 0.254373
-0.128636 -0.0529553 -0.2773 0.0673079 -0.234008 -0.26567 0.264721
-0.133425 -0.0549267 -0.287623 0.0698136 -0.242719 -0.27556 0.274576
-0.137945 -0.0567876 -0.297368 0.0721789 -0.250942 -0.284896 0.283879
-0.142169 -0.0585265 -0.306474 0.074389 -0.258626 -0.29362 0.292571
-0.146068 -0.0601316 -0.314879 0.0764293 -0.26572 -0.301673 0.300595
-0.149615 -0.0615915 -0.322524 0.0782848 -0.272171 -0.308997 0.307893
-0.15278 -0.0628944 -0.329346 0.0799409 -0.277928 -0.315534 0.314407
-0.155535 -0.0640288 -0.335287 0.0813827 -0.282941 -0.321225 0.320077
-0.157853 -0.064983 -0.340283 0.0825955 -0.287158 -0.326012 0.324847
-0.159705 -0.0657454 -0.344275 0.0835645 -0.290527 -0.329836 0.328658
-0.161063 -0.0663044 -0.347202 0.084275 -0.292997 -0.332641 0.331453
-0.161898 -0.0666483 -0.349003 0.0847121 -0.294516 -0.334366 0.333172
-0.162183 -0.0667655 -0.349617 0.0848611 -0.295034 -0.334954 0.333758
-0.162345 -0.0668508 -0.350024 0.0850601 -0.295338 -0.335307 0.334175
-0.162822 -0.0671028 -0.351228 0.0856483 -0.296234 -0.336352 0.335409
-0.163606 -0.0675161 -0.353201 0.0866126 -0.297705 -0.338064 0.337432
-0.164684 -0.0680848 -0.355916 0.0879397 -0.299728 -0.340421 0.340217
-0.166046 -0.0688034 -0.359347 0.0896164 -0.302284 -0.343398 0.343735
-0.167681 -0.0696661 -0.363466 0.0916296 -0.305354 -0.346973 0.347958
-0.169579 -0.0706674 -0.368247 0.093966 -0.308916 -0.351122 0.35286
-0.171728 -0.0718015 -0.373662 0.0966125 -0.312951 -0.355821 0.358413
-0.174119 -0.0730629 -0.379685 0.0995558 -0.317439 -0.361048 0.364588
-0.176741 -0.0744458 -0.386288 0.102783 -0.322359 -0.366778 0.371358
-0.179582 -0.0759447 -0.393444 0.10628 -0.327692 -0.372989 0.378696
-0.182631 -0.0775538 -0.401127 0.110035 -0.333416 -0.379656 0.386574
-0.18588 -0.0792675 -0.409309 0.114034 -0.339513 -0.386757 0.394964
-0.189316 -0.0810801 -0.417964 0.118264 -0.345962 -0.394268 0.403838
-0.192928 -0.0829861 -0.427064 0.122711 -0.352743 -0.402166 0.413169
-0.196707 -0.0849797 -0.436583 0.127363 -0.359836 -0.410426 0.422929
-0.200641 -0.0870552 -0.446493 0.132206 -0.36722 -0.419027 0.433091
-0.20472 -0.0892071 -0.456767 0.137228 -0.374876 -0.427943 0.443626
-0.208933 -0.0914297 -0.467379 0.142414 -0.382784 -0.437153 0.454507
-0.213269 -0.0937173 -0.478302 0.147752 -0.390923 -0.446632 0.465706
-0.217717 -0.0960643 -0.489508 0.153229 -0.399273 -0.456357 0.477197
-0.222268 -0.098465 -0.50097 0.158831 -0.407814 -0.466304 0.48895
-0.226909 -0.100914 -0.512662 0.164545 -0.416526 -0.476451 0.500938
-0.231631 -0.103405 -0.524556 0.170358 -0.425389 -0.486773 0.513134
-0.236422 -0.105933 -0.536626 0.176257 -0.434383 -0.497248 0.52551
-0.241273 -0.108492 -0.548844 0.182228 -0.443487 -0.507851 0.538038
-0.246172 -0.111076 -0.561184 0.188259 -0.452682 -0.51856 0.550691
-0.251108 -0.113681 -0.573618 0.194336 -0.461947 -0.529351 0.563441
-0.256071 -0.116299 -0.58612 0.200446 -0.471263 -0.540201 0.57626
-0.26105 -0.118926 -0.598662 0.206575 -0.480608 -0.551085 0.58912
-0.266034 -0.121556 -0.611218 0.212711 -0.489964 -0.561982 0.601994
-0.271013 -0.124182 -0.62376 0.218841 -0.49931 -0.572866 0.614855
-0.275976 -0.126801 -0.636262 0.224951 -0.508626 -0.583716 0.627673
-0.280913 -0.129405 -0.648696 0.231028 -0.517891 -0.594507 0.640423
-0.285811 -0.131989 -0.661036 0.237059 -0.527086 -0.605216 0.653076
-0.290662 -0.134548 -0.673254 0.24303 -0.53619 -0.615819 0.665604
-0.295453 -0.137076 -0.685324 0.248929 -0.545184 -0.626294 0.67798
-0.300175 -0.139568 -0.697219 0.254742 -0.554047 -0.636616 0.690176
-0.304817 -0.142016 -0.70891 0.260456 -0.562759 -0.646763 0.702164
-0.309367 -0.144417 -0.720373 0.266058 -0.5713 -0.65671 0.713918
-0.313816 -0.146764 -0.731579 0.271534 -0.57965 -0.666435 0.725408
-0.318152 -0.149052 -0.742501 0.276873 -0.587789 -0.675914 0.736607
-0.322364 -0.151274 -0.753113 0.282059 -0.595696 -0.685124 0.747488
-0.326443 -0.153426 -0.763388 0.28708 -0.603352 -0.694041 0.758024
-0.330377 -0.155502 -0.773298 0.291924 -0.610737 -0.702641 0.768185
-0.334156 -0.157495 -0.782816 0.296575 -0.61783 -0.710901 0.777945
-0.337769 -0.159401 -0.791917 0.301023 -0.62461 -0.718799 0.787276
-0.341205 -0.161214 -0.800571 0.305253 -0.631059 -0.72631 0.79615
-0.344453 -0.162928 -0.808754 0.309252 -0.637156 -0.733411 0.80454
-0.347503 -0.164537 -0.816436 0.313006 -0.642881 -0.740078 0.812418
-0.350344 -0.166036 -0.823593 0.316504 -0.648214 -0.746289 0.819756
-0.352965 -0.167418 -0.830196 0.319731 -0.653134 -0.752019 0.826526
-0.355356 -0.16868 -0.836218 0.322674 -0.657622 -0.757246 0.832701
-0.357506 -0.169814 -0.841633 0.325321 -0.661657 -0.761945 0.838254
-0.359403 -0.170815 -0.846414 0.327657 -0.665219 -0.766094 0.843156
-0.361039 -0.171678 -0.850533 0.32967 -0.668288 -0.769669 0.84738
-0.362401 -0.172397 -0.853964 0.331347 -0.670845 -0.772646 0.850897
-0.363479 -0.172965 -0.85668 0.332674 -0.672868 -0.775003 0.853682
-0.364262 -0.173378 -0.858653 0.333638 -0.674338 -0.776715 0.855705
-0.36474 -0.173631 -0.859856 0.334227 -0.675235 -0.77776 0.856939
-0.364901 -0.173716 -0.860263 0.334426 -0.675539 -0.778113 0.857356
-0.365063 -0.173801 -0.860671 0.334625 -0.675842 -0.778466 0.857774
-0.365541 -0.174053 -0.861874 0.335213 -0.676739 -0.779511 0.859008
-0.366324 -0.174466 -0.863847 0.336177 -0.678209 -0.781223 0.861031
-0.367402 -0.175035 -0.866563 0.337504 -0.680232 -0.78358 0.863815
-0.368764 -0.175754 -0.869993 0.339181 -0.682789 -0.786557 0.867333
-0.370399 -0.176616 -0.874113 0.341194 -0.685858 -0.790132 0.871557
-0.372297 -0.177618 -0.878893 0.343531 -0.689421 -0.794281 0.876459
-0.374447 -0.178752 -0.884309 0.346177 -0.693456 -0.79898 0.882011
-0.376838 -0.180013 -0.890331 0.34912 -0.697943 -0.804207 0.888187
-0.379459 -0.181396 -0.896934 0.352347 -0.702863 -0.809937 0.894957
-0.3823 -0.182895 -0.90409 0.355845 -0.708196 -0.816148 0.902295
-0.38535 -0.184504 -0.911773 0.3596 -0.713921 -0.822815 0.910173
-0.388598 -0.186218 -0.919956 0.363599 -0.720018 -0.829916 0.918563
-0.392034 -0.188031 -0.92861 0.367828 -0.726467 -0.837427 0.927437
-0.395647 -0.189936 -0.93771 0.372276 -0.733248 -0.845325 0.936768
-0.399425 -0.19193 -0.947229 0.376928 -0.74034 -0.853585 0.946528
-0.403359 -0.194006 -0.957139 0.381771 -0.747725 -0.862186 0.956689
-0.407438 -0.196158 -0.967414 0.386792 -0.755381 -0.871102 0.967224
-0.411651 -0.19838 -0.978026 0.391979 -0.763288 -0.880312 0.978106
-0.415987 -0.200668 -0.988948 0.397317 -0.771427 -0.889791 0.989305
-0.420436 -0.203015 -1.00015 0.402793 -0.779777 -0.899516 1.0008
-0.424986 -0.205415 -1.01162 0.408395 -0.788318 -0.909463 1.01255
-0.429628 -0.207864 -1.02331 0.414109 -0.79703 -0.91961 1.02454
-0.434349 -0.210355 -1.0352 0.419922 -0.805893 -0.929932 1.03673
-0.439141 -0.212883 -1.04727 0.425821 -0.814887 -0.940407 1.04911
-0.443991 -0.215442 -1.05949 0.431792 -0.823991 -0.95101 1.06164
-0.44889 -0.218027 -1.07183 0.437823 -0.833186 -0.961719 1.07429
-0.453826 -0.220631 -1.08426 0.4439 -0.842452 -0.97251 1.08704
-0.458789 -0.223249 -1.09677 0.45001 -0.851767 -0.98336 1.09986
-0.463768 -0.225876 -1.10931 0.45614 -0.861113 -0.994244 1.11272
-0.468753 -0.228506 -1.12186 0.462276 -0.870469 -1.00514 1.12559
-0.473732 -0.231133 -1.13441 0.468406 -0.879815 -1.01603 1.13845
-0.478695 -0.233751 -1.14691 0.474516 -0.88913 -1.02687 1.15127
-0.483631 -0.236355 -1.15934 0.480592 -0.898395 -1.03767 1.16402
-0.48853 -0.23894 -1.17168 0.486623 -0.90759 -1.04837 1.17667
-0.49338 -0.241499 -1.1839 0.492595 -0.916695 -1.05898 1.1892
-0.498172 -0.244027 -1.19597 0.498493 -0.925688 -1.06945 1.20158
-0.502894 -0.246518 -1.20786 0.504306 -0.934551 -1.07978 1.21377
-0.507535 -0.248967 -1.21956 0.51002 -0.943264 -1.08992 1.22576
-0.512085 -0.251367 -1.23102 0.515622 -0.951805 -1.09987 1.23752
-0.516534 -0.253714 -1.24223 0.521099 -0.960155 -1.10959 1.24901
-0.52087 -0.256002 -1.25315 0.526437 -0.968293 -1.11907 1.26021
-0.525083 -0.258225 -1.26376 0.531623 -0.976201 -1.12828 1.27109
-0.529162 -0.260376 -1.27403 0.536645 -0.983857 -1.1372 1.28162
-0.533096 -0.262452 -1.28394 0.541488 -0.991241 -1.1458 1.29178
-0.536875 -0.264446 -1.29346 0.54614 -0.998334 -1.15406 1.30154
-0.540487 -0.266352 -1.30256 0.550587 -1.00511 -1.16196 1.31087
-0.543923 -0.268164 -1.31122 0.554817 -1.01156 -1.16947 1.31975
-0.547171 -0.269878 -1.3194 0.558816 -1.01766 -1.17657 1.32814
-0.550221 -0.271487 -1.32708 0.562571 -1.02339 -1.18324 1.33602
-0.553062 -0.272986 -1.33424 0.566068 -1.02872 -1.18945 1.34335
-0.555683 -0.274369 -1.34084 0.569295 -1.03364 -1.19518 1.35012
-0.558074 -0.27563 -1.34686 0.572239 -1.03813 -1.2004 1.3563
-0.560224 -0.276764 -1.35228 0.574885 -1.04216 -1.2051 1.36185
-0.562122 -0.277766 -1.35706 0.577222 -1.04572 -1.20925 1.36675
-0.563757 -0.278628 -1.36118 0.579235 -1.04879 -1.21283 1.37098
-0.565119 -0.279347 -1.36461 0.580912 -1.05135 -1.21581 1.3745
-0.566197 -0.279916 -1.36733 0.582239 -1.05337 -1.21816 1.37728
-0.56698 -0.280329 -1.3693 0.583203 -1.05484 -1.21987 1.3793
-0.567458 -0.280581 -1.3705 0.583791 -1.05574 -1.22092 1.38054
-0.56762 -0.280666 -1.37091 0.58399 -1.05604 -1.22127 1.38096
-0.567686 -0.280734 -1.371 0.584408 -1.0561 -1.22136 1.38121
-0.567881 -0.280936 -1.37128 0.585642 -1.05627 -1.22161 1.38194
-0.568201 -0.281267 -1.37173 0.587665 -1.05654 -1.22201 1.38315
-0.568642 -0.281721 -1.37235 0.590449 -1.05691 -1.22258 1.38482
-0.569199 -0.282296 -1.37313 0.593967 -1.05739 -1.22329 1.38693
-0.569867 -0.282986 -1.37407 0.598191 -1.05796 -1.22414 1.38945
-0.570643 -0.283787 -1.37516 0.603093 -1.05862 -1.22513 1.39239
-0.571522 -0.284694 -1.3764 0.608645 -1.05937 -1.22625 1.39571
-0.572499 -0.285703 -1.37777 0.61482 -1.0602 -1.2275 1.3994
-0.57357 -0.286809 -1.37928 0.621591 -1.06111 -1.22887 1.40346
-0.574732 -0.288008 -1.38091 0.628929 -1.0621 -1.23035 1.40785
-0.575978 -0.289295 -1.38267 0.636807 -1.06316 -1.23195 1.41256
-0.577306 -0.290665 -1.38453 0.645196 -1.06429 -1.23364 1.41758
-0.578711 -0.292115 -1.38651 0.654071 -1.06549 -1.23543 1.42289
-0.580187 -0.29364 -1.38859 0.663402 -1.06675 -1.23732 1.42847
-0.581732 -0.295234 -1.39076 0.673162 -1.06806 -1.23929 1.43431
-0.58334 -0.296894 -1.39302 0.683323 -1.06943 -1.24135 1.4404
-0.585007 -0.298615 -1.39537 0.693858 -1.07085 -1.24347 1.4467
-0.586729 -0.300393 -1.39779 0.704739 -1.07232 -1.24567 1.45321
-0.588502 -0.302222 -1.40028 0.715939 -1.07383 -1.24794 1.45991
-0.59032 -0.3041 -1.40284 0.727429 -1.07538 -1.25026 1.46679
-0.59218 -0.30602 -1.40546 0.739182 -1.07696 -1.25263 1.47382
-0.594078 -0.307978 -1.40812 0.751171 -1.07858 -1.25506 1.481
-0.596008 -0.309971 -1.41084 0.763367 -1.08022 -1.25752 1.48829
-0.597966 -0.311993 -1.41359 0.775743 -1.08189 -1.26002 1.4957
-0.599949 -0.314039 -1.41638 0.788271 -1.08358 -1.26255 1.5032
-0.601952 -0.316106 -1.4192 0.800923 -1.08528 -1.26511 1.51077
-0.603969 -0.318189 -1.42204 0.813673 -1.087 -1.26769 1.5184
-0.605998 -0.320283 -1.42489 0.826492 -1.08873 -1.27028 1.52607
-0.608033 -0.322384 -1.42775 0.839352 -1.09046 -1.27287 1.53376
-0.610071 -0.324488 -1.43062 0.852227 -1.0922 -1.27548 1.54147
-0.612106 -0.326589 -1.43348 0.865087 -1.09393 -1.27808 1.54916
-0.614135 -0.328683 -1.43634 0.877906 -1.09566 -1.28067 1.55683
-0.616152 -0.330766 -1.43917 0.890656 -1.09738 -1.28324 1.56446
-0.618155 -0.332833 -1.44199 0.903308 -1.09908 -1.2858 1.57203
-0.620138 -0.334879 -1.44478 0.915837 -1.10077 -1.28833 1.57953
-0.622096 -0.336901 -1.44753 0.928212 -1.10244 -1.29083 1.58694
-0.624026 -0.338894 -1.45025 0.940409 -1.10408 -1.2933 1.59423
-0.625924 -0.340852 -1.45292 0.952397 -1.1057 -1.29572 1.60141
-0.627784 -0.342772 -1.45553 0.96415 -1.10728 -1.29809 1.60844
-0.629602 -0.344649 -1.45809 0.97564 -1.10883 -1.30042 1.61532
-0.631375 -0.346479 -1.46058 0.98684 -1.11034 -1.30268 1.62202
-0.633097 -0.348257 -1.46301 0.997721 -1.11181 -1.30488 1.62853
-0.634764 -0.349978 -1.46535 1.00826 -1.11323 -1.30701 1.63483
-0.636372 -0.351638 -1.46761 1.01842 -1.1146 -1.30906 1.64091
-0.637917 -0.353232 -1.46979 1.02818 -1.11591 -1.31103 1.64675
-0.639393 -0.354757 -1.47186 1.03751 -1.11717 -1.31292 1.65234
-0.640798 -0.356207 -1.47384 1.04638 -1.11837 -1.31471 1.65765
-0.642126 -0.357577 -1.47571 1.05477 -1.1195 -1.31641 1.66267
-0.643372 -0.358864 -1.47746 1.06265 -1.12056 -1.318 1.66738
-0.644534 -0.360063 -1.47909 1.06999 -1.12155 -1.31948 1.67177
-0.645605 -0.361169 -1.4806 1.07676 -1.12246 -1.32085 1.67583
-0.646582 -0.362178 -1.48198 1.08293 -1.12329 -1.3221 1.67952
-0.647461 -0.363085 -1.48321 1.08849 -1.12404 -1.32322 1.68284
-0.648237 -0.363886 -1.4843 1.09339 -1.1247 -1.32421 1.68578
-0.648905 -0.364576 -1.48524 1.09761 -1.12527 -1.32506 1.6883
-0.649462 -0.365151 -1.48603 1.10113 -1.12575 -1.32577 1.69041
-0.649903 -0.365605 -1.48665 1.10391 -1.12612 -1.32634 1.69207
-0.650223 -0.365936 -1.4871 1.10594 -1.12639 -1.32675 1.69329
-0.650418 -0.366138 -1.48737 1.10717 -1.12656 -1.32699 1.69402
-0.650484 -0.366206 -1.48746 1.10759 -1.12662 -1.32708 1.69427
-0.650527 -0.366252 -1.48755 1.10801 -1.12667 -1.32715 1.69453
-0.650652 -0.36639 -1.48779 1.10924 -1.12684 -1.32736 1.69529
-0.650858 -0.366617 -1.48818 1.11126 -1.12712 -1.3277 1.69653
-0.651141 -0.366928 -1.48873 1.11405 -1.12751 -1.32818 1.69824
-0.651499 -0.367322 -1.48942 1.11757 -1.12799 -1.32877 1.70039
-0.651929 -0.367794 -1.49025 1.12179 -1.12857 -1.32949 1.70298
-0.652427 -0.368342 -1.49121 1.12669 -1.12924 -1.33032 1.70599
-0.652992 -0.368963 -1.4923 1.13224 -1.13001 -1.33126 1.7094
-0.65362 -0.369654 -1.49351 1.13842 -1.13086 -1.33231 1.71318
-0.654309 -0.370411 -1.49484 1.14519 -1.13179 -1.33346 1.71734
-0.655055 -0.371232 -1.49628 1.15253 -1.1328 -1.33471 1.72184
-0.655857 -0.372113 -1.49782 1.16041 -1.13388 -1.33604 1.72667
-0.65671 -0.373052 -1.49947 1.1688 -1.13503 -1.33747 1.73182
-0.657613 -0.374044 -1.50121 1.17767 -1.13625 -1.33897 1.73726
-0.658562 -0.375088 -1.50304 1.187 -1.13753 -1.34056 1.74298
-0.659555 -0.376179 -1.50495 1.19676 -1.13888 -1.34221 1.74897
-0.660588 -0.377316 -1.50694 1.20692 -1.14027 -1.34394 1.7552
-0.66166 -0.378494 -1.50901 1.21746 -1.14172 -1.34573 1.76166
-0.662767 -0.379711 -1.51114 1.22834 -1.14322 -1.34757 1.76834
-0.663906 -0.380964 -1.51334 1.23954 -1.14476 -1.34948 1.77521
-0.665074 -0.382249 -1.51559 1.25103 -1.14634 -1.35143 1.78226
-0.66627 -0.383564 -1.5179 1.26278 -1.14795 -1.35342 1.78947
-0.667489 -0.384905 -1.52025 1.27477 -1.1496 -1.35546 1.79682
-0.66873 -0.386269 -1.52264 1.28697 -1.15128 -1.35753 1.8043
-0.669989 -0.387653 -1.52507 1.29934 -1.15298 -1.35963 1.81189
-0.671263 -0.389054 -1.52753 1.31187 -1.1547 -1.36175 1.81958
-0.67255 -0.390469 -1.53001 1.32452 -1.15644 -1.3639 1.82734
-0.673847 -0.391895 -1.53251 1.33727 -1.15819 -1.36606 1.83516
-0.675151 -0.393329 -1.53502 1.35009 -1.15996 -1.36824 1.84302
-0.676459 -0.394768 -1.53754 1.36295 -1.16173 -1.37042 1.85091
-0.677769 -0.396208 -1.54007 1.37583 -1.1635 -1.37261 1.85881
-0.679077 -0.397646 -1.54259 1.38869 -1.16526 -1.37479 1.86669
-0.680381 -0.39908 -1.5451 1.4015 -1.16703 -1.37697 1.87456
-0.681678 -0.400506 -1.5476 1.41425 -1.16878 -1.37913 1.88238
-0.682965 -0.401921 -1.55009 1.42691 -1.17052 -1.38128 1.89014
-0.684239 -0.403322 -1.55254 1.43944 -1.17224 -1.38341 1.89782
-0.685498 -0.404706 -1.55497 1.45181 -1.17394 -1.38551 1.90541
-0.686738 -0.406071 -1.55736 1.46401 -1.17562 -1.38758 1.91289
-0.687958 -0.407411 -1.55971 1.476 -1.17727 -1.38961 1.92025
-0.689153 -0.408726 -1.56202 1.48775 -1.17888 -1.39161 1.92746
-0.690322 -0.410011 -1.56427 1.49924 -1.18046 -1.39356 1.9345
-0.691461 -0.411264 -1.56647 1.51044 -1.182 -1.39546 1.94137
-0.692568 -0.412481 -1.5686 1.52132 -1.1835 -1.3973 1.94805
-0.69364 -0.413659 -1.57067 1.53185 -1.18495 -1.39909 1.95451
-0.694673 -0.414796 -1.57266 1.54202 -1.18634 -1.40082 1.96074
-0.695666 -0.415887 -1.57457 1.55178 -1.18769 -1.40247 1.96673
-0.696615 -0.416931 -1.5764 1.56111 -1.18897 -1.40406 1.97245
-0.697518 -0.417924 -1.57814 1.56998 -1.19019 -1.40556 1.9779
-0.698371 -0.418862 -1.57979 1.57837 -1.19134 -1.40699 1.98304
-0.699172 -0.419743 -1.58133 1.58625 -1.19243 -1.40832 1.98788
-0.699919 -0.420564 -1.58277 1.59359 -1.19343 -1.40957 1.99238
-0.700607 -0.421321 -1.5841 1.60036 -1.19437 -1.41072 1.99653
-0.701236 -0.422012 -1.58531 1.60653 -1.19521 -1.41177 2.00032
-0.7018 -0.422633 -1.5864 1.61209 -1.19598 -1.41271 2.00372
-0.702299 -0.423181 -1.58736 1.61699 -1.19665 -1.41354 2.00673
-0.702729 -0.423654 -1.58819 1.62121 -1.19723 -1.41426 2.00932
-0.703086 -0.424047 -1.58888 1.62473 -1.19772 -1.41486 2.01148
-0.70337 -0.424358 -1.58943 1.62751 -1.1981 -1.41533 2.01319
-0.703575 -0.424585 -1.58982 1.62954 -1.19838 -1.41567 2.01443
-0.703701 -0.424723 -1.59006 1.63077 -1.19855 -1.41588 2.01518
-0.703743 -0.424769 -1.59015 1.63119 -1.1986 -1.41595 2.01544
-0.703351 -0.42442 -1.59003 1.63162 -1.19868 -1.41578 2.01582
-0.70219 -0.423386 -1.58967 1.63289 -1.19892 -1.41525 2.01694
-0.700287 -0.421693 -1.58909 1.63498 -1.19931 -1.4144 2.01879
-0.697669 -0.419362 -1.58829 1.63786 -1.19984 -1.41322 2.02132
-0.694363 -0.416419 -1.58728 1.64149 -1.20052 -1.41174 2.02452
-0.690394 -0.412887 -1.58607 1.64585 -1.20133 -1.40995 2.02837
-0.68579 -0.408788 -1.58466 1.65091 -1.20227 -1.40788 2.03282
-0.680576 -0.404147 -1.58307 1.65663 -1.20333 -1.40554 2.03787
-0.67478 -0.398988 -1.5813 1.663 -1.20451 -1.40293 2.04349
-0.668427 -0.393333 -1.57936 1.66997 -1.20581 -1.40008 2.04964
-0.661545 -0.387207 -1.57726 1.67753 -1.20721 -1.39699 2.0563
-0.65416 -0.380633 -1.575 1.68564 -1.20872 -1.39367 2.06345
-0.646297 -0.373635 -1.5726 1.69428 -1.21032 -1.39013 2.07107
-0.637985 -0.366235 -1.57006 1.70341 -1.21202 -1.3864 2.07911
-0.629249 -0.358459 -1.56739 1.713 -1.2138 -1.38247 2.08757
-0.620115 -0.350329 -1.5646 1.72303 -1.21567 -1.37836 2.09642
-0.610611 -0.341868 -1.5617 1.73347 -1.21761 -1.37409 2.10562
-0.600762 -0.333102 -1.55869 1.74429 -1.21962 -1.36966 2.11516
-0.590595 -0.324052 -1.55558 1.75545 -1.22169 -1.36509 2.125
-0.580137 -0.314743 -1.55239 1.76694 -1.22382 -1.36039 2.13513
-0.569414 -0.305198 -1.54911 1.77871 -1.22601 -1.35557 2.14551
-0.558453 -0.295441 -1.54576 1.79075 -1.22825 -1.35065 2.15613
-0.54728 -0.285495 -1.54235 1.80302 -1.23053 -1.34563 2.16695
-0.535922 -0.275385 -1.53888 1.81549 -1.23284 -1.34052 2.17794
-0.524404 -0.265133 -1.53536 1.82814 -1.23519 -1.33534 2.1891
-0.512754 -0.254763 -1.5318 1.84094 -1.23757 -1.33011 2.20038
-0.500998 -0.244298 -1.52821 1.85385 -1.23997 -1.32482 2.21176
-0.489163 -0.233763 -1.5246 1.86685 -1.24239 -1.3195 2.22322
-0.477275 -0.223181 -1.52097 1.8799 -1.24481 -1.31416 2.23473
-0.46536 -0.212575 -1.51733 1.89299 -1.24724 -1.3088 2.24627
-0.453445 -0.201969 -1.51369 1.90607 -1.24967 -1.30345 2.25781
-0.441557 -0.191387 -1.51005 1.91913 -1.2521 -1.2981 2.26932
-0.429722 -0.180852 -1.50644 1.93213 -1.25451 -1.29279 2.28078
-0.417966 -0.170388 -1.50285 1.94504 -1.25691 -1.2875 2.29216
-0.406316 -0.160018 -1.49929 1.95783 -1.25929 -1.28226 2.30344
-0.394799 -0.149766 -1.49577 1.97048 -1.26164 -1.27709 2.3146
-0.38344 -0.139655 -1.4923 1.98295 -1.26396 -1.27198 2.32559
-0.372267 -0.129709 -1.48889 1.99522 -1.26624 -1.26696 2.33641
-0.361306 -0.119952 -1.48554 2.00726 -1.26847 -1.26203 2.34703
-0.350583 -0.110408 -1.48226 2.01904 -1.27066 -1.25721 2.35741
-0.340125 -0.101099 -1.47907 2.03052 -1.27279 -1.25251 2.36754
-0.329958 -0.0920488 -1.47596 2.04169 -1.27487 -1.24794 2.37738
-0.320109 -0.0832821 -1.47295 2.05251 -1.27688 -1.24352 2.38692
-0.310605 -0.0748218 -1.47005 2.06294 -1.27882 -1.23924 2.39612
-0.301471 -0.0666916 -1.46726 2.07297 -1.28068 -1.23514 2.40497
-0.292735 -0.0589151 -1.46459 2.08257 -1.28246 -1.23121 2.41342
-0.284423 -0.0515158 -1.46205 2.0917 -1.28416 -1.22748 2.42147
-0.27656 -0.0445173 -1.45965 2.10033 -1.28576 -1.22394 2.42909
-0.269175 -0.0379432 -1.45739 2.10844 -1.28727 -1.22062 2.43624
-0.262293 -0.0318171 -1.45529 2.116 -1.28867 -1.21753 2.4429
-0.25594 -0.0261625 -1.45335 2.12298 -1.28997 -1.21467 2.44905
-0.250144 -0.0210031 -1.45158 2.12934 -1.29115 -1.21207 2.45467
-0.24493 -0.0163623 -1.44999 2.13507 -1.29222 -1.20973 2.45971
-0.240326 -0.0122638 -1.44858 2.14013 -1.29316 -1.20766 2.46417
-0.236357 -0.00873117 -1.44737 2.14448 -1.29397 -1.20587 2.46802
-0.233051 -0.00578795 -1.44636 2.14812 -1.29464 -1.20439 2.47122
-0.230433 -0.00345775 -1.44556 2.15099 -1.29517 -1.20321 2.47375
-0.228531 -0.00176412 -1.44498 2.15308 -1.29556 -1.20235 2.4756
-0.22737 -0.000730657 -1.44462 2.15435 -1.2958 -1.20183 2.47672
-0.226977 -0.000380929 -1.4445 2.15479 -1.29588 -1.20166 2.4771
-0.226634 -6.98484e-05 -1.44426 2.15472 -1.29568 -1.20115 2.47674
-0.225623 0.000846579 -1.44355 2.15453 -1.29509 -1.19965 2.47566
-0.223972 0.00234313 -1.44238 2.15423 -1.29413 -1.19719 2.47391
-0.221709 0.00439458 -1.44078 2.15381 -1.2928 -1.19383 2.47151
-0.218862 0.00697571 -1.43877 2.15328 -1.29114 -1.18961 2.46849
-0.215459 0.0100613 -1.43636 2.15264 -1.28916 -1.18455 2.46488
-0.211527 0.0136261 -1.43359 2.15191 -1.28686 -1.17872 2.46071
-0.207095 0.0176449 -1.43045 2.15108 -1.28427 -1.17213 2.45601
-0.202189 0.0220926 -1.42699 2.15017 -1.28141 -1.16485 2.4508
-0.196838 0.0269437 -1.4232 2.14917 -1.27829 -1.15691 2.44512
-0.19107 0.0321732 -1.41913 2.1481 -1.27492 -1.14834 2.439
-0.184913 0.0377559 -1.41478 2.14695 -1.27132 -1.1392 2.43247
-0.178394 0.0436664 -1.41017 2.14574 -1.26752 -1.12952 2.42555
-0.171541 0.0498796 -1.40533 2.14446 -1.26352 -1.11934 2.41828
-0.164382 0.0563703 -1.40027 2.14313 -1.25934 -1.10871 2.41069
-0.156944 0.0631132 -1.39501 2.14175 -1.255 -1.09767 2.4028
-0.149257 0.0700831 -1.38958 2.14032 -1.25051 -1.08626 2.39464
-0.141347 0.0772547 -1.38399 2.13884 -1.24589 -1.07451 2.38625
-0.133242 0.084603 -1.37826 2.13733 -1.24116 -1.06248 2.37765
-0.12497 0.0921025 -1.37241 2.13579 -1.23633 -1.05019 2.36887
-0.116559 0.0997282 -1.36647 2.13423 -1.23142 -1.03771 2.35995
-0.108037 0.107455 -1.36045 2.13264 -1.22644 -1.02505 2.35091
-0.0994313 0.115257 -1.35436 2.13104 -1.22142 -1.01227 2.34177
-0.0907701 0.12311 -1.34824 2.12943 -1.21636 -0.999414 2.33259
-0.082081 0.130988 -1.3421 2.12781 -1.21129 -0.986512 2.32337
-0.0733919 0.138866 -1.33596 2.12619 -1.20622 -0.97361 2.31415
-0.0647306 0.146718 -1.32984 2.12458 -1.20116 -0.96075 2.30496
-0.0561249 0.15452 -1.32376 2.12297 -1.19614 -0.947972 2.29583
-0.0476027 0.162247 -1.31774 2.12139 -1.19116 -0.935318 2.28679
-0.0391918 0.169873 -1.31179 2.11982 -1.18625 -0.92283 2.27786
-0.03092 0.177372 -1.30595 2.11828 -1.18142 -0.910548 2.26908
-0.0228152 0.184721 -1.30022 2.11677 -1.17669 -0.898513 2.26049
-0.014905 0.191892 -1.29463 2.1153 -1.17207 -0.886768 2.25209
-0.00721742 0.198862 -1.28919 2.11387 -1.16759 -0.875354 2.24394
0.000219784 0.205605 -1.28394 2.11248 -1.16324 -0.864311 2.23605
0.00737879 0.212096 -1.27888 2.11115 -1.15906 -0.853681 2.22845
0.0142318 0.218309 -1.27404 2.10987 -1.15506 -0.843506 2.22118
0.0207509 0.224219 -1.26943 2.10866 -1.15126 -0.833826 2.21426
0.0269084 0.229802 -1.26508 2.10751 -1.14766 -0.824683 2.20773
0.0326764 0.235032 -1.261 2.10644 -1.1443 -0.816119 2.20161
0.0380271 0.239883 -1.25722 2.10544 -1.14117 -0.808174 2.19593
0.0429327 0.24433 -1.25375 2.10453 -1.13831 -0.80089 2.19073
0.0473654 0.248349 -1.25062 2.1037 -1.13572 -0.794308 2.18602
0.0512972 0.251914 -1.24784 2.10297 -1.13342 -0.78847 2.18185
0.0547006 0.255 -1.24544 2.10234 -1.13144 -0.783417 2.17824
0.0575475 0.257581 -1.24342 2.10181 -1.12978 -0.77919 2.17522
0.0598102 0.259632 -1.24182 2.10139 -1.12846 -0.77583 2.17282
0.0614608 0.261129 -1.24066 2.10108 -1.12749 -0.773379 2.17107
0.0624716 0.262045 -1.23994 2.10089 -1.1269 -0.771878 2.17
0.0628147 0.262356 -1.2397 2.10083 -1.1267 -0.771369 2.16963
0.0630959 0.262611 -1.2395 2.10078 -1.12654 -0.770951 2.16933
0.0639271 0.263365 -1.23891 2.10062 -1.12605 -0.769717 2.16845
0.0652896 0.2646 -1.23795 2.10037 -1.12526 -0.767694 2.16701
0.0671648 0.2663 -1.23663 2.10002 -1.12416 -0.76491 2.16502
0.069534 0.268448 -1.23495 2.09958 -1.12278 -0.761392 2.1625
0.0723786 0.271027 -1.23294 2.09905 -1.12112 -0.757168 2.15949
0.07568 0.27402 -1.23061 2.09843 -1.11919 -0.752266 2.15598
0.0794195 0.277411 -1.22797 2.09774 -1.11701 -0.746714 2.15201
0.0835785 0.281181 -1.22503 2.09696 -1.11458 -0.740539 2.1476
0.0881383 0.285316 -1.2218 2.09611 -1.11192 -0.733768 2.14276
0.0930802 0.289796 -1.21831 2.09519 -1.10903 -0.72643 2.13752
0.0983858 0.294606 -1.21456 2.0942 -1.10593 -0.718553 2.13189
0.104036 0.299729 -1.21057 2.09315 -1.10264 -0.710163 2.1259
0.110013 0.305148 -1.20634 2.09204 -1.09915 -0.701289 2.11956
0.116297 0.310846 -1.2019 2.09087 -1.09548 -0.691958 2.11289
0.12287 0.316805 -1.19726 2.08965 -1.09164 -0.682198 2.10591
0.129714 0.32301 -1.19242 2.08837 -1.08765 -0.672036 2.09865
0.136809 0.329443 -1.18741 2.08705 -1.0835 -0.661501 2.09112
0.144137 0.336087 -1.18223 2.08569 -1.07923 -0.65062 2.08335
0.15168 0.342925 -1.1769 2.08428 -1.07482 -0.63942 2.07535
0.159419 0.349941 -1.17143 2.08284 -1.0703 -0.62793 2.06714
0.167334 0.357118 -1.16583 2.08137 -1.06568 -0.616177 2.05874
0.175408 0.364438 -1.16013 2.07986 -1.06097 -0.604189 2.05017
0.183622 0.371885 -1.15432 2.07833 -1.05617 -0.591993 2.04146
0.191957 0.379442 -1.14843 2.07678 -1.05131 -0.579617 2.03261
0.200395 0.387092 -1.14247 2.07521 -1.04638 -0.567088 2.02366
0.208916 0.394818 -1.13645 2.07362 -1.04141 -0.554436 2.01462
0.217503 0.402603 -1.13038 2.07203 -1.03639 -0.541686 2.00551
0.226136 0.41043 -1.12428 2.07042 -1.03135 -0.528867 1.99635
0.234797 0.418283 -1.11816 2.06881 -1.0263 -0.516007 1.98716
0.243468 0.426144 -1.11203 2.06719 -1.02124 -0.503133 1.97796
0.252129 0.433997 -1.10591 2.06558 -1.01618 -0.490272 1.96877
0.260763 0.441824 -1.09981 2.06397 -1.01114 -0.477453 1.95961
0.269349 0.449609 -1.09374 2.06237 -1.00613 -0.464704 1.9505
0.277871 0.457335 -1.08771 2.06079 -1.00115 -0.452051 1.94146
0.286308 0.464985 -1.08175 2.05921 -0.996227 -0.439523 1.93251
0.294643 0.472542 -1.07586 2.05766 -0.991361 -0.427147 1.92366
0.302857 0.479989 -1.07006 2.05613 -0.986565 -0.414951 1.91495
0.310931 0.487309 -1.06435 2.05463 -0.981852 -0.402962 1.90638
0.318847 0.494486 -1.05876 2.05316 -0.977231 -0.391209 1.89798
0.326585 0.501502 -1.05329 2.05171 -0.972713 -0.379719 1.88977
0.334128 0.50834 -1.04796 2.05031 -0.96831 -0.368519 1.88177
0.341456 0.514984 -1.04278 2.04895 -0.964032 -0.357638 1.874
0.348551 0.521417 -1.03776 2.04762 -0.959889 -0.347103 1.86647
0.355395 0.527622 -1.03293 2.04635 -0.955894 -0.336942 1.85921
0.361968 0.533581 -1.02828 2.04513 -0.952057 -0.327182 1.85223
0.368252 0.539279 -1.02384 2.04396 -0.948388 -0.317851 1.84556
0.374229 0.544698 -1.01962 2.04284 -0.944899 -0.308976 1.83922
0.37988 0.549821 -1.01562 2.04179 -0.9416 -0.300587 1.83323
0.385185 0.554631 -1.01187 2.0408 -0.938503 -0.292709 1.8276
0.390127 0.559111 -1.00838 2.03988 -0.935618 -0.285371 1.82236
0.394687 0.563245 -1.00516 2.03903 -0.932956 -0.278601 1.81752
0.398846 0.567016 -1.00222 2.03826 -0.930528 -0.272425 1.81311
0.402585 0.570407 -0.999575 2.03756 -0.928345 -0.266873 1.80914
0.405887 0.5734 -0.997242 2.03695 -0.926417 -0.261971 1.80563
0.408731 0.575979 -0.995232 2.03642 -0.924757 -0.257747 1.80262
0.411101 0.578127 -0.993558 2.03598 -0.923374 -0.254229 1.8001
0.412976 0.579827 -0.992232 2.03563 -0.922279 -0.251445 1.79811
0.414338 0.581062 -0.991269 2.03538 -0.921483 -0.249422 1.79667
0.415169 0.581816 -0.990682 2.03522 -0.920998 -0.248188 1.79579
0.415451 0.582071 -0.990483 2.03517 -0.920834 -0.24777 1.79549
0.415741 0.582334 -0.990278 2.03511 -0.920664 -0.247339 1.79518
0.4166 0.583113 -0.989671 2.03495 -0.920163 -0.246064 1.79427
0.418007 0.584389 -0.988676 2.03469 -0.919341 -0.243974 1.79278
0.419943 0.586144 -0.987308 2.03433 -0.918211 -0.241099 1.79072
0.422389 0.588361 -0.98558 2.03388 -0.916783 -0.237468 1.78813
0.425324 0.591023 -0.983505 2.03333 -0.91507 -0.233109 1.78501
0.42873 0.59411 -0.981098 2.0327 -0.913082 -0.228053 1.7814
0.432586 0.597607 -0.978373 2.03198 -0.91083 -0.222327 1.77731
0.436873 0.601493 -0.975343 2.03118 -0.908328 -0.215962 1.77276
0.441572 0.605753 -0.972023 2.0303 -0.905585 -0.208985 1.76777
0.446662 0.610368 -0.968425 2.02936 -0.902613 -0.201427 1.76237
0.452125 0.615321 -0.964565 2.02834 -0.899424 -0.193316 1.75658
0.45794 0.620593 -0.960455 2.02726 -0.896029 -0.184681 1.75041
0.464088 0.626168 -0.95611 2.02611 -0.89244 -0.175552 1.74388
0.47055 0.632026 -0.951543 2.02491 -0.888667 -0.165958 1.73703
0.477306 0.638151 -0.946769 2.02365 -0.884723 -0.155927 1.72986
0.484335 0.644525 -0.9418 2.02234 -0.880619 -0.145489 1.7224
0.49162 0.651129 -0.936652 2.02099 -0.876367 -0.134673 1.71467
0.49914 0.657947 -0.931338 2.01959 -0.871977 -0.123508 1.70669
0.506875 0.66496 -0.925871 2.01815 -0.867461 -0.112022 1.69849
0.514806 0.67215 -0.920266 2.01667 -0.862831 -0.100246 1.69007
0.522913 0.679501 -0.914537 2.01516 -0.858098 -0.0882084 1.68147
0.531177 0.686993 -0.908696 2.01362 -0.853273 -0.0759377 1.6727
0.539578 0.69461 -0.902759 2.01206 -0.848369 -0.0634635 1.66379
0.548097 0.702334 -0.896738 2.01047 -0.843396 -0.0508147 1.65475
0.556714 0.710146 -0.890649 2.00887 -0.838365 -0.0380204 1.64561
0.565409 0.718029 -0.884504 2.00725 -0.833289 -0.0251099 1.63638
0.574163 0.725966 -0.878317 2.00562 -0.828179 -0.012112 1.62709
0.582956 0.733938 -0.872103 2.00398 -0.823045 0.000944031 1.61777
0.591768 0.741928 -0.865875 2.00234 -0.8179 0.0140292 1.60842
0.600581 0.749918 -0.859646 2.0007 -0.812756 0.0271143 1.59906
0.609374 0.75789 -0.853432 1.99906 -0.807622 0.0401703 1.58974
0.618128 0.765827 -0.847246 1.99743 -0.802512 0.0531682 1.58045
0.626823 0.77371 -0.841101 1.99581 -0.797436 0.0660787 1.57122
0.63544 0.781522 -0.835011 1.99421 -0.792405 0.078873 1.56208
0.643959 0.789246 -0.82899 1.99262 -0.787432 0.0915218 1.55304
0.65236 0.796863 -0.823053 1.99106 -0.782528 0.103996 1.54413
0.660624 0.804355 -0.817213 1.98952 -0.777703 0.116267 1.53536
0.668731 0.811706 -0.811483 1.98801 -0.77297 0.128305 1.52676
0.676662 0.818896 -0.805878 1.98653 -0.76834 0.140081 1.51834
0.684397 0.825909 -0.800411 1.98509 -0.763824 0.151566 1.51014
0.691917 0.832727 -0.795097 1.98369 -0.759434 0.162731 1.50216
0.699202 0.839332 -0.789949 1.98233 -0.755182 0.173547 1.49443
0.706231 0.845705 -0.78498 1.98103 -0.751078 0.183985 1.48697
0.712987 0.85183 -0.780206 1.97977 -0.747134 0.194016 1.4798
0.719449 0.857688 -0.775639 1.97856 -0.743361 0.203611 1.47295
0.725597 0.863263 -0.771294 1.97742 -0.739772 0.21274 1.46642
0.731412 0.868535 -0.767185 1.97634 -0.736377 0.221374 1.46025
0.736875 0.873488 -0.763324 1.97532 -0.733188 0.229485 1.45446
0.741965 0.878103 -0.759726 1.97437 -0.730216 0.237043 1.44906
0.746664 0.882363 -0.756406 1.9735 -0.727473 0.24402 1.44407
0.750951 0.88625 -0.753376 1.9727 -0.724971 0.250386 1.43952
0.754807 0.889746 -0.750651 1.97198 -0.722719 0.256111 1.43543
0.758213 0.892833 -0.748244 1.97135 -0.720731 0.261168 1.43182
0.761148 0.895495 -0.746169 1.9708 -0.719018 0.265526 1.4287
0.763594 0.897712 -0.744441 1.97034 -0.71759 0.269158 1.42611
0.76553 0.899467 -0.743073 1.96998 -0.716459 0.272032 1.42406
0.766937 0.900743 -0.742078 1.96972 -0.715638 0.274122 1.42256
0.767796 0.901522 -0.741471 1.96956 -0.715137 0.275397 1.42165
0.768086 0.901785 -0.741266 1.96951 -0.714967 0.275829 1.42134
0.768368 0.90204 -0.741067 1.96946 -0.714803 0.276246 1.42104
0.769199 0.902794 -0.74048 1.9693 -0.714318 0.27748 1.42016
0.770561 0.904029 -0.739517 1.96905 -0.713522 0.279503 1.41872
0.772436 0.905729 -0.738192 1.9687 -0.712427 0.282288 1.41673
0.774806 0.907877 -0.736517 1.96826 -0.711044 0.285805 1.41421
0.77765 0.910456 -0.734507 1.96773 -0.709384 0.290029 1.4112
0.780952 0.91345 -0.732174 1.96711 -0.707456 0.294931 1.40769
0.784691 0.91684 -0.729531 1.96642 -0.705273 0.300484 1.40372
0.78885 0.920611 -0.726592 1.96564 -0.702845 0.306659 1.39931
0.79341 0.924745 -0.723369 1.96479 -0.700183 0.313429 1.39447
0.798352 0.929225 -0.719876 1.96387 -0.697298 0.320767 1.38923
0.803657 0.934036 -0.716127 1.96288 -0.694201 0.328645 1.3836
0.809308 0.939159 -0.712134 1.96183 -0.690902 0.337035 1.37761
0.815285 0.944577 -0.70791 1.96072 -0.687413 0.345909 1.37127
0.821569 0.950275 -0.703468 1.95955 -0.683744 0.35524 1.3646
0.828142 0.956234 -0.698823 1.95833 -0.679907 0.365 1.35762
0.834986 0.962439 -0.693986 1.95705 -0.675912 0.375161 1.35036
0.842081 0.968872 -0.688972 1.95573 -0.671769 0.385697 1.34283
0.849409 0.975516 -0.683793 1.95437 -0.667491 0.396578 1.33506
0.856952 0.982355 -0.678462 1.95296 -0.663088 0.407777 1.32706
0.86469 0.989371 -0.672993 1.95152 -0.65857 0.419267 1.31885
0.872606 0.996547 -0.667399 1.95005 -0.653949 0.431021 1.31045
0.88068 1.00387 -0.661693 1.94854 -0.649235 0.443009 1.30188
0.888894 1.01131 -0.655888 1.94701 -0.64444 0.455205 1.29317
0.897229 1.01887 -0.649998 1.94546 -0.639574 0.467581 1.28432
0.905666 1.02652 -0.644034 1.94389 -0.634648 0.480109 1.27537
0.914188 1.03425 -0.638012 1.9423 -0.629674 0.492762 1.26633
0.922774 1.04203 -0.631944 1.94071 -0.624661 0.505512 1.25722
0.931408 1.04986 -0.625842 1.9391 -0.619621 0.51833 1.24806
0.940069 1.05771 -0.619721 1.93749 -0.614564 0.531191 1.23887
0.94874 1.06557 -0.613593 1.93587 -0.609502 0.544065 1.22967
0.957401 1.07343 -0.607472 1.93426 -0.604446 0.556925 1.22048
0.966034 1.08125 -0.601371 1.93265 -0.599406 0.569744 1.21132
0.974621 1.08904 -0.595302 1.93105 -0.594393 0.582494 1.20221
0.983142 1.09676 -0.58928 1.92947 -0.589418 0.595147 1.19317
0.99158 1.10441 -0.583317 1.92789 -0.584493 0.607675 1.18422
0.999915 1.11197 -0.577426 1.92634 -0.579627 0.620051 1.17537
1.00813 1.11942 -0.571621 1.92481 -0.574831 0.632247 1.16666
1.0162 1.12674 -0.565915 1.92331 -0.570118 0.644235 1.15809
1.02412 1.13391 -0.560321 1.92184 -0.565497 0.655988 1.14969
1.03186 1.14093 -0.554852 1.92039 -0.560979 0.667479 1.14148
1.0394 1.14777 -0.549522 1.91899 -0.556576 0.678678 1.13348
1.04673 1.15441 -0.544343 1.91763 -0.552298 0.689559 1.12571
1.05382 1.16085 -0.539328 1.9163 -0.548155 0.700094 1.11818
1.06067 1.16705 -0.534492 1.91503 -0.54416 0.710256 1.11092
1.06724 1.17301 -0.529846 1.91381 -0.540323 0.720016 1.10394
1.07352 1.17871 -0.525405 1.91264 -0.536654 0.729347 1.09727
1.0795 1.18413 -0.521181 1.91152 -0.533165 0.738221 1.09093
1.08515 1.18925 -0.517188 1.91047 -0.529866 0.746611 1.08494
1.09046 1.19406 -0.513438 1.90948 -0.526769 0.754489 1.07931
1.0954 1.19854 -0.509945 1.90856 -0.523884 0.761827 1.07407
1.09996 1.20267 -0.506723 1.90771 -0.521222 0.768597 1.06923
1.10412 1.20645 -0.503784 1.90694 -0.518794 0.774772 1.06482
1.10786 1.20984 -0.501141 1.90624 -0.516611 0.780325 1.06085
1.11116 1.21283 -0.498808 1.90563 -0.514683 0.785227 1.05734
1.114 1.21541 -0.496797 1.9051 -0.513023 0.78945 1.05433
1.11637 1.21756 -0.495123 1.90466 -0.511639 0.792968 1.05181
1.11825 1.21926 -0.493798 1.90431 -0.510545 0.795753 1.04982
1.11961 1.22049 -0.492835 1.90406 -0.509749 0.797776 1.04838
1.12044 1.22125 -0.492247 1.9039 -0.509264 0.79901 1.0475
1.12072 1.2215 -0.492049 1.90385 -0.5091 0.799427 1.0472
1.1208 1.22157 -0.491932 1.90377 -0.508897 0.79977 1.04678
1.12104 1.22178 -0.491588 1.90356 -0.508297 0.800785 1.04555
1.12142 1.22213 -0.491024 1.9032 -0.507313 0.802447 1.04352
1.12195 1.2226 -0.490247 1.90271 -0.50596 0.804735 1.04074
1.12262 1.2232 -0.489266 1.9021 -0.50425 0.807626 1.03722
1.12342 1.22392 -0.488088 1.90135 -0.502196 0.811097 1.033
1.12436 1.22476 -0.486721 1.90049 -0.499813 0.815126 1.02809
1.12541 1.2257 -0.485173 1.89952 -0.497114 0.819688 1.02254
1.12659 1.22676 -0.48345 1.89844 -0.494112 0.824763 1.01637
1.12788 1.22791 -0.481562 1.89725 -0.49082 0.830327 1.0096
1.12927 1.22916 -0.479516 1.89596 -0.487253 0.836357 1.00226
1.13077 1.2305 -0.477319 1.89458 -0.483423 0.842831 0.994381
1.13237 1.23193 -0.474979 1.8931 -0.479344 0.849726 0.985991
1.13406 1.23345 -0.472504 1.89154 -0.47503 0.857018 0.977117
1.13583 1.23504 -0.469902 1.88991 -0.470494 0.864687 0.967786
1.13769 1.2367 -0.46718 1.88819 -0.465749 0.872707 0.958026
1.13962 1.23843 -0.464346 1.88641 -0.460809 0.881058 0.947865
1.14163 1.24023 -0.461408 1.88456 -0.455687 0.889715 0.937329
1.1437 1.24208 -0.458373 1.88265 -0.450397 0.898657 0.926448
1.14583 1.24399 -0.45525 1.88068 -0.444952 0.907861 0.915249
1.14802 1.24595 -0.452046 1.87867 -0.439366 0.917303 0.903759
1.15025 1.24795 -0.448768 1.8766 -0.433653 0.926962 0.892006
1.15254 1.25 -0.445424 1.8745 -0.427824 0.936814 0.880017
1.15486 1.25208 -0.442023 1.87236 -0.421895 0.946836 0.867821
1.15721 1.25419 -0.438572 1.87018 -0.415879 0.957007 0.855445
1.1596 1.25632 -0.435078 1.86798 -0.409788 0.967302 0.842917
1.162 1.25848 -0.431549 1.86576 -0.403637 0.9777 0.830264
1.16443 1.26065 -0.427993 1.86352 -0.397438 0.988178 0.817515
1.16687 1.26284 -0.424418 1.86127 -0.391206 0.998712 0.804696
1.16932 1.26503 -0.420832 1.85902 -0.384954 1.00928 0.791835
1.17177 1.26722 -0.417241 1.85676 -0.378695 1.01986 0.778961
1.17421 1.26941 -0.413655 1.8545 -0.372443 1.03043 0.766101
1.17665 1.2716 -0.41008 1.85225 -0.366211 1.04096 0.753282
1.17908 1.27377 -0.406524 1.85001 -0.360013 1.05144 0.740532
1.18149 1.27593 -0.402995 1.84779 -0.353862 1.06184 0.727879
1.18387 1.27806 -0.399501 1.84559 -0.347771 1.07213 0.715351
1.18623 1.28017 -0.39605 1.84342 -0.341755 1.0823 0.702975
1.18855 1.28225 -0.392649 1.84127 -0.335825 1.09233 0.690779
1.19083 1.2843 -0.389305 1.83917 -0.329997 1.10218 0.678791
1.19307 1.2863 -0.386027 1.83711 -0.324283 1.11184 0.667038
1.19525 1.28826 -0.382823 1.83509 -0.318697 1.12128 0.655547
1.19738 1.29017 -0.3797 1.83312 -0.313253 1.13048 0.644348
1.19945 1.29202 -0.376665 1.83121 -0.307963 1.13943 0.633467
1.20146 1.29382 -0.373727 1.82936 -0.302841 1.14808 0.622932
1.20339 1.29555 -0.370893 1.82758 -0.297901 1.15643 0.61277
1.20525 1.29721 -0.368171 1.82587 -0.293156 1.16445 0.60301
1.20703 1.2988 -0.365569 1.82423 -0.28862 1.17212 0.593679
1.20871 1.30032 -0.363094 1.82267 -0.284306 1.17942 0.584805
1.21031 1.30175 -0.360754 1.8212 -0.280227 1.18631 0.576415
1.21181 1.30309 -0.358557 1.81981 -0.276397 1.19278 0.568537
1.21321 1.30434 -0.356511 1.81853 -0.27283 1.19881 0.5612
1.21449 1.30549 -0.354622 1.81734 -0.269538 1.20438 0.554429
1.21567 1.30655 -0.3529 1.81625 -0.266536 1.20945 0.548254
1.21673 1.30749 -0.351352 1.81528 -0.263837 1.21402 0.542701
1.21766 1.30833 -0.349985 1.81442 -0.261454 1.21804 0.537799
1.21846 1.30905 -0.348807 1.81368 -0.2594 1.22151 0.533576
1.21913 1.30965 -0.347826 1.81306 -0.25769 1.22441 0.530058
1.21966 1.31012 -0.347049 1.81257 -0.256336 1.22669 0.527274
1.22005 1.31047 -0.346485 1.81221 -0.255353 1.22836 0.52525
1.22028 1.31068 -0.346141 1.812 -0.254753 1.22937 0.524016
1.22036 1.31075 -0.346024 1.81192 -0.25455 1.22971 0.523599
1.22044 1.31082 -0.345908 1.81185 -0.254347 1.23006 0.523181
1.22068 1.31103 -0.345564 1.81163 -0.253747 1.23107 0.521947
1.22106 1.31138 -0.344999 1.81128 -0.252763 1.23273 0.519924
1.22159 1.31185 -0.344223 1.81079 -0.25141 1.23502 0.51714
1.22226 1.31245 -0.343242 1.81017 -0.2497 1.23791 0.513622
1.22306 1.31317 -0.342064 1.80943 -0.247646 1.24138 0.509398
1.224 1.31401 -0.340697 1.80857 -0.245263 1.24541 0.504496
1.22505 1.31495 -0.339148 1.8076 -0.242564 1.24997 0.498944
1.22623 1.31601 -0.337426 1.80651 -0.239562 1.25505 0.492768
1.22752 1.31716 -0.335538 1.80532 -0.23627 1.26061 0.485998
1.22891 1.31841 -0.333492 1.80403 -0.232703 1.26664 0.47866
1.23041 1.31975 -0.331295 1.80265 -0.228873 1.27312 0.470782
1.23201 1.32118 -0.328955 1.80118 -0.224794 1.28001 0.462393
1.2337 1.3227 -0.32648 1.79962 -0.22048 1.2873 0.453518
1.23547 1.32429 -0.323878 1.79798 -0.215944 1.29497 0.444187
1.23733 1.32595 -0.321156 1.79627 -0.211199 1.30299 0.434427
1.23926 1.32768 -0.318322 1.79448 -0.206259 1.31134 0.424266
1.24127 1.32948 -0.315384 1.79264 -0.201137 1.32 0.413731
1.24334 1.33133 -0.312349 1.79073 -0.195847 1.32894 0.40285
1.24547 1.33324 -0.309226 1.78876 -0.190402 1.33815 0.39165
1.24766 1.3352 -0.306021 1.78674 -0.184816 1.34759 0.38016
1.24989 1.3372 -0.302743 1.78468 -0.179103 1.35725 0.368407
1.25217 1.33925 -0.2994 1.78257 -0.173274 1.3671 0.356418
1.2545 1.34133 -0.295999 1.78043 -0.167345 1.37712 0.344222
1.25685 1.34344 -0.292547 1.77826 -0.161329 1.38729 0.331846
1.25923 1.34557 -0.289053 1.77606 -0.155238 1.39759 0.319318
1.26164 1.34773 -0.285525 1.77384 -0.149087 1.40799 0.306665
1.26407 1.3499 -0.281969 1.7716 -0.142888 1.41846 0.293916
1.26651 1.35209 -0.278394 1.76935 -0.136657 1.429 0.281097
1.26896 1.35428 -0.274807 1.76709 -0.130404 1.43957 0.268237
1.27141 1.35647 -0.271217 1.76483 -0.124146 1.45015 0.255362
1.27385 1.35866 -0.26763 1.76257 -0.117893 1.46072 0.242502
1.27629 1.36085 -0.264055 1.76032 -0.111661 1.47125 0.229683
1.27872 1.36302 -0.2605 1.75809 -0.105463 1.48173 0.216933
1.28113 1.36518 -0.256971 1.75586 -0.0993119 1.49212 0.204281
1.28351 1.36731 -0.253477 1.75366 -0.0932213 1.50242 0.191752
1.28587 1.36942 -0.250026 1.75149 -0.0872047 1.51259 0.179376
1.28819 1.3715 -0.246624 1.74935 -0.0812755 1.52261 0.16718
1.29047 1.37355 -0.243281 1.74725 -0.0754473 1.53247 0.155192
1.2927 1.37555 -0.240003 1.74518 -0.0697335 1.54212 0.143439
1.29489 1.37751 -0.236799 1.74317 -0.0641475 1.55157 0.131949
1.29702 1.37942 -0.233675 1.7412 -0.0587028 1.56077 0.120749
1.29909 1.38127 -0.230641 1.73929 -0.0534129 1.56971 0.109868
1.3011 1.38307 -0.227703 1.73744 -0.0482912 1.57837 0.0993329
1.30303 1.3848 -0.224869 1.73566 -0.0433511 1.58672 0.0891715
1.30489 1.38646 -0.222147 1.73394 -0.0386062 1.59474 0.0794114
1.30666 1.38805 -0.219544 1.7323 -0.0340699 1.60241 0.0700805
1.30835 1.38957 -0.21707 1.73075 -0.0297557 1.6097 0.0612062
1.30995 1.391 -0.21473 1.72927 -0.0256769 1.6166 0.0528164
1.31145 1.39234 -0.212533 1.72789 -0.0218471 1.62307 0.0449387
1.31284 1.39359 -0.210486 1.7266 -0.0182798 1.6291 0.0376008
1.31413 1.39474 -0.208598 1.72541 -0.0149883 1.63466 0.0308303
1.31531 1.3958 -0.206876 1.72433 -0.0119862 1.63974 0.024655
1.31636 1.39674 -0.205327 1.72335 -0.0092868 1.6443 0.0191026
1.3173 1.39758 -0.20396 1.72249 -0.0069037 1.64833 0.0142006
1.3181 1.3983 -0.202782 1.72175 -0.00485031 1.6518 0.00997689
1.31877 1.3989 -0.201801 1.72113 -0.00314009 1.65469 0.00645903
1.3193 1.39937 -0.201025 1.72065 -0.00178648 1.65698 0.00367473
1.31969 1.39972 -0.200461 1.72029 -0.000802965 1.65864 0.00165167
1.31992 1.39993 -0.200116 1.72007 -0.000202984 1.65966 0.00041753
