0 0.05 -0.1 0 0 0 0
0 0.05 -0.1 0 0 0 0
-0.00320908 0.0901885 -0.0931043 -0.0848178 -0.0122285 0.044509 0.0050849
-0.00320908 0.0901885 -0.0931043 -0.0848178 -0.0122285 0.044509 0.0050849
-0.00532433 0.116384 -0.0933939 -0.140397 -0.0120913 0.0738125 0.00497989
-0.00635904 0.129098 -0.0935614 -0.167466 -0.0120272 0.0881277 0.00493078
-0.00741783 0.142049 -0.093745 -0.195087 -0.0119713 0.102758 0.0048845
-0.00846623 0.1548 -0.0939425 -0.222347 -0.0119188 0.117227 0.00483955
-0.00950816 0.167402 -0.0941536 -0.249347 -0.0118699 0.131585 0.0047958
-0.0105389 0.179793 -0.0943771 -0.275959 -0.0118237 0.145767 0.0047527
-0.0115749 0.192179 -0.0946144 -0.302616 -0.0117827 0.159998 0.0047108
-0.012606 0.20443 -0.0948638 -0.329045 -0.0117453 0.174136 0.00466933
-0.0136328 0.216555 -0.0951249 -0.355263 -0.0117112 0.188189 0.00462803
-0.0146557 0.228558 -0.0953974 -0.381279 -0.0116805 0.202162 0.00458666
-0.0156749 0.240441 -0.0956807 -0.407098 -0.0116532 0.216058 0.00454494
-0.0166872 0.252167 -0.0959739 -0.432639 -0.0116284 0.229834 0.00450242
-0.0177001 0.263827 -0.0962777 -0.458096 -0.0116076 0.243592 0.00445931
-0.018709 0.275366 -0.096591 -0.483351 -0.0115899 0.25727 0.00441506
-0.019714 0.286783 -0.0969134 -0.508406 -0.0115751 0.270867 0.00436945
-0.020715 0.298081 -0.0972443 -0.533262 -0.0115631 0.284387 0.00432223
-0.021712 0.30926 -0.0975834 -0.557921 -0.011554 0.297828 0.00427318
-0.0227048 0.32032 -0.0979302 -0.582382 -0.0115476 0.311191 0.0042221
-0.0236934 0.33126 -0.0982843 -0.606645 -0.0115439 0.324475 0.00416877
-0.0246775 0.342081 -0.0986453 -0.630709 -0.0115427 0.33768 0.004113
-0.0256571 0.352782 -0.0990127 -0.654573 -0.0115441 0.350806 0.00405463
-0.0266304 0.363344 -0.0993857 -0.678198 -0.0115475 0.363831 0.00399338
-0.0276006 0.373808 -0.0997649 -0.70167 -0.0115539 0.3768 0.00392934
-0.0285656 0.384151 -0.100149 -0.724936 -0.0115625 0.389687 0.00386224
-0.0295251 0.394371 -0.100539 -0.747997 -0.0115735 0.40249 0.00379196
-0.030479 0.404469 -0.100932 -0.770852 -0.0115866 0.415211 0.0037184
-0.031427 0.414444 -0.10133 -0.793499 -0.0116019 0.427846 0.00364147
-0.0323688 0.424295 -0.101732 -0.815937 -0.0116193 0.440397 0.00356109
-0.0333043 0.434022 -0.102137 -0.838164 -0.0116387 0.452861 0.00347722
-0.0342332 0.443625 -0.102545 -0.86018 -0.0116602 0.465239 0.00338981
-0.0351552 0.453103 -0.102955 -0.881982 -0.0116836 0.477528 0.00329882
-0.03607 0.462455 -0.103368 -0.903569 -0.0117088 0.489728 0.00320426
-0.0369774 0.471681 -0.103783 -0.924939 -0.011736 0.501838 0.00310612
-0.0378771 0.48078 -0.104199 -0.94609 -0.0117649 0.513856 0.00300442
-0.0387688 0.489752 -0.104617 -0.967019 -0.0117955 0.525782 0.00289919
-0.0396523 0.498595 -0.105036 -0.987726 -0.0118279 0.537613 0.00279048
-0.0405272 0.507309 -0.105455 -1.00821 -0.0118618 0.549348 0.00267834
-0.0413933 0.515894 -0.105875 -1.02846 -0.0118974 0.560987 0.00256284
-0.0422494 0.524339 -0.106294 -1.04847 -0.0119342 0.572516 0.00244405
-0.0430971 0.532664 -0.106714 -1.06826 -0.0119728 0.583957 0.0023221
-0.0439351 0.540856 -0.107133 -1.08783 -0.0120129 0.595295 0.00219708
-0.0447631 0.548916 -0.107551 -1.10715 -0.0120543 0.60653 0.00206911
-0.0455809 0.556843 -0.107968 -1.12623 -0.012097 0.617659 0.0019383
-0.0463882 0.564635 -0.108383 -1.14508 -0.012141 0.62868 0.00180481
-0.0471847 0.572293 -0.108797 -1.16367 -0.0121862 0.639592 0.00166878
-0.0479702 0.579816 -0.109209 -1.18202 -0.0122326 0.650392 0.00153035
-0.0487444 0.587202 -0.109619 -1.20012 -0.01228 0.661078 0.00138971
-0.049507 0.594452 -0.110026 -1.21797 -0.0123285 0.671648 0.00124701
-0.0502578 0.601565 -0.11043 -1.23556 -0.012378 0.6821 0.00110244
-0.0509965 0.608539 -0.110831 -1.25289 -0.0124284 0.69243 0.000956188
-0.051723 0.615375 -0.111229 -1.26996 -0.0124796 0.702638 0.000808437
-0.0524369 0.622071 -0.111624 -1.28676 -0.0125316 0.712719 0.000659386
-0.053138 0.628627 -0.112014 -1.30329 -0.0125843 0.722671 0.000509238
-0.0538262 0.635043 -0.112401 -1.31955 -0.0126376 0.732492 0.000358199
-0.0545011 0.641318 -0.112783 -1.33553 -0.0126915 0.742178 0.000206479
-0.0551627 0.647451 -0.11316 -1.35123 -0.0127459 0.751727 5.429e-05
-0.0558106 0.653442 -0.113533 -1.36665 -0.0128008 0.761135 -9.81509e-05
-0.0564447 0.65929 -0.113901 -1.38178 -0.0128559 0.770399 -0.000250626
-0.0570648 0.664995 -0.114263 -1.39662 -0.0129114 0.779516 -0.000402915
-0.0576708 0.670556 -0.11462 -1.41117 -0.012967 0.788481 -0.000554796
-0.0582624 0.675973 -0.114971 -1.42542 -0.0130227 0.797292 -0.000706049
-0.0588395 0.681246 -0.115316 -1.43936 -0.0130785 0.805945 -0.000856449
-0.059402 0.686374 -0.115654 -1.45299 -0.0131342 0.814436 -0.00100577
-0.0599496 0.691356 -0.115987 -1.46632 -0.0131897 0.82276 -0.0011538
-0.0604822 0.696193 -0.116312 -1.47932 -0.013245 0.830914 -0.00130031
-0.0609998 0.700884 -0.116631 -1.49201 -0.0133 0.838894 -0.00144509
-0.0615021 0.705428 -0.116942 -1.50437 -0.0133545 0.846694 -0.0015879
-0.061989 0.709827 -0.117246 -1.5164 -0.0134086 0.854311 -0.00172855
-0.0624605 0.714078 -0.117542 -1.52809 -0.013462 0.861741 -0.0018668
-0.0629165 0.718182 -0.11783 -1.53945 -0.0135147 0.868977 -0.00200246
-0.0633567 0.722139 -0.118111 -1.55045 -0.0135666 0.876016 -0.0021353
-0.0637808 0.725945 -0.118383 -1.5611 -0.0136174 0.882847 -0.00226509
-0.0641893 0.729607 -0.118646 -1.5714 -0.0136675 0.889475 -0.0023917
-0.0645819 0.733121 -0.118901 -1.58134 -0.0137165 0.89589 -0.00251489
-0.0649584 0.736487 -0.119147 -1.59092 -0.0137642 0.902087 -0.00263446
-0.0653188 0.739705 -0.119384 -1.60012 -0.0138107 0.90806 -0.00275022
-0.0656628 0.742774 -0.119611 -1.60894 -0.0138559 0.913803 -0.00286198
-0.0659906 0.745694 -0.119829 -1.61737 -0.0138995 0.919311 -0.00296955
-0.0663019 0.748464 -0.120036 -1.62542 -0.0139416 0.924577 -0.00307274
-0.0665966 0.751085 -0.120234 -1.63307 -0.013982 0.929597 -0.00317138
-0.0668747 0.753556 -0.120422 -1.64031 -0.0140206 0.934363 -0.0032653
-0.0671361 0.755876 -0.120599 -1.64714 -0.0140573 0.938869 -0.00335431
-0.0673807 0.758045 -0.120766 -1.65356 -0.0140922 0.94311 -0.00343824
-0.0676083 0.760061 -0.120921 -1.65955 -0.0141249 0.947079 -0.00351694
-0.0678188 0.761926 -0.121066 -1.66511 -0.0141555 0.950769 -0.00359023
-0.0680121 0.763636 -0.121199 -1.67023 -0.0141839 0.954174 -0.00365795
-0.068188 0.765192 -0.121321 -1.6749 -0.01421 0.957287 -0.00371995
-0.0683464 0.766593 -0.121431 -1.67912 -0.0142336 0.960102 -0.00377606
-0.0684871 0.767836 -0.121528 -1.68288 -0.0142548 0.962612 -0.00382614
-0.0686099 0.76892 -0.121614 -1.68616 -0.0142734 0.96481 -0.00387002
-0.0687145 0.769844 -0.121687 -1.68897 -0.0142893 0.966688 -0.00390756
-0.0688008 0.770606 -0.121748 -1.69129 -0.0143025 0.968242 -0.00393861
-0.0688008 0.770606 -0.121748 -1.69129 -0.0143025 0.968242 -0.00393861
-0.0689172 0.771632 -0.121829 -1.69442 -0.0143204 0.970342 -0.00398062
-0.0689172 0.771632 -0.121829 -1.69442 -0.0143204 0.970342 -0.00398062
-0.0689172 0.771632 -0.121829 -1.69442 -0.0143204 0.970342 -0.00398062
-0.0689172 0.771632 -0.121829 -1.69442 -0.0143204 0.970342 -0.00398062
-0.0689172 0.771632 -0.121829 -1.69442 -0.0143204 0.970342 -0.00398062
-0.0676307 0.771969 -0.122007 -1.69547 -0.0160421 0.971192 -0.00284727
-0.0666155 0.771959 -0.122122 -1.69547 -0.0173556 0.971296 -0.0019685
-0.0653236 0.771944 -0.122268 -1.69545 -0.0190264 0.971427 -0.000850457
-0.0637611 0.771923 -0.122445 -1.69543 -0.0210467 0.971585 0.00050156
-0.0619339 0.771896 -0.122653 -1.6954 -0.0234084 0.971768 0.00208224
-0.0598481 0.77186 -0.122889 -1.69535 -0.0261032 0.971976 0.00388628
-0.0575096 0.771814 -0.123155 -1.69528 -0.0291231 0.972207 0.00590835
-0.0549245 0.771756 -0.123449 -1.69519 -0.0324597 0.972459 0.00814315
-0.0520988 0.771684 -0.123771 -1.69508 -0.0361048 0.972731 0.0105854
-0.0490385 0.771596 -0.124119 -1.69493 -0.0400501 0.973023 0.0132298
-0.0457499 0.771491 -0.124494 -1.69474 -0.0442871 0.973332 0.0160712
-0.0422389 0.771364 -0.124895 -1.69451 -0.0488076 0.973657 0.0191042
-0.0385117 0.771215 -0.125321 -1.69423 -0.0536031 0.973996 0.0223239
-0.0345746 0.77104 -0.125772 -1.6939 -0.058665 0.974348 0.0257249
-0.0304337 0.770838 -0.126247 -1.6935 -0.0639849 0.974711 0.0293022
-0.0260953 0.770605 -0.126745 -1.69304 -0.0695543 0.975084 0.0330509
-0.0215658 0.77034 -0.127266 -1.69252 -0.0753644 0.975465 0.0369658
-0.0168515 0.77004 -0.127809 -1.69191 -0.0814068 0.975853 0.0410422
-0.0119587 0.769701 -0.128374 -1.69122 -0.0876727 0.976245 0.0452751
-0.006894 0.769323 -0.128959 -1.69044 -0.0941535 0.976641 0.0496597
-0.00166385 0.768902 -0.129565 -1.68957 -0.100841 0.977039 0.0541912
0.00372519 0.768435 -0.13019 -1.6886 -0.107725 0.977437 0.0588652
0.00926654 0.767921 -0.130834 -1.68752 -0.114798 0.977834 0.0636768
0.0149535 0.767357 -0.131497 -1.68633 -0.122051 0.978228 0.0686216
0.0207795 0.766741 -0.132177 -1.68503 -0.129476 0.978618 0.073695
0.0267377 0.766071 -0.132873 -1.68361 -0.137062 0.979002 0.0788928
0.0328214 0.765344 -0.133586 -1.68206 -0.144803 0.979379 0.0842104
0.0390238 0.764559 -0.134315 -1.68038 -0.152688 0.979748 0.0896437
0.045338 0.763714 -0.135058 -1.67857 -0.160709 0.980108 0.0951883
0.0517572 0.762807 -0.135815 -1.67661 -0.168858 0.980457 0.10084
0.0582745 0.761836 -0.136586 -1.67452 -0.177125 0.980794 0.106595
0.0648834 0.760799 -0.137369 -1.67228 -0.185502 0.981117 0.112449
0.0715762 0.759697 -0.138164 -1.6699 -0.19398 0.981427 0.118397
0.0783464 0.758527 -0.13897 -1.66736 -0.20255 0.981722 0.124436
0.085187 0.757288 -0.139787 -1.66467 -0.211204 0.982001 0.130562
0.0920912 0.75598 -0.140613 -1.66182 -0.219933 0.982263 0.13677
0.0990521 0.754601 -0.141448 -1.65882 -0.228728 0.982508 0.143057
0.106063 0.753151 -0.142291 -1.65566 -0.237582 0.982734 0.149419
0.113116 0.75163 -0.143142 -1.65234 -0.246484 0.982942 0.155851
0.120206 0.750037 -0.143999 -1.64886 -0.255428 0.983131 0.162349
0.127325 0.748373 -0.144863 -1.64523 -0.264405 0.983299 0.16891
0.134467 0.746636 -0.145731 -1.64143 -0.273407 0.983448 0.17553
0.141625 0.744829 -0.146604 -1.63747 -0.282425 0.983576 0.182203
0.148792 0.74295 -0.147481 -1.63336 -0.291451 0.983683 0.188927
0.155962 0.741001 -0.14836 -1.62909 -0.300477 0.98377 0.195696
0.163128 0.738983 -0.149242 -1.62467 -0.309497 0.983835 0.202506
0.170284 0.736897 -0.150126 -1.6201 -0.3185 0.983879 0.209354
0.177424 0.734744 -0.15101 -1.61538 -0.327481 0.983902 0.216234
0.184541 0.732525 -0.151895 -1.61052 -0.336432 0.983904 0.223142
0.19163 0.730243 -0.152779 -1.60551 -0.345344 0.983885 0.230074
0.198683 0.727898 -0.153662 -1.60037 -0.354212 0.983846 0.237025
0.205696 0.725493 -0.154543 -1.5951 -0.363027 0.983786 0.243989
0.212663 0.723031 -0.155421 -1.5897 -0.371782 0.983707 0.250962
0.219577 0.720513 -0.156296 -1.58418 -0.380471 0.983607 0.25794
0.226434 0.717943 -0.157167 -1.57855 -0.389086 0.983489 0.264915
0.233226 0.715322 -0.158034 -1.57281 -0.397622 0.983352 0.271885
0.23995 0.712656 -0.158895 -1.56697 -0.406071 0.983197 0.278842
0.2466 0.709945 -0.159751 -1.56103 -0.414427 0.983024 0.285782
0.253171 0.707195 -0.1606 -1.55501 -0.422684 0.982835 0.292699
0.259657 0.704408 -0.161442 -1.54891 -0.430834 0.982629 0.299587
0.266054 0.701589 -0.162276 -1.54273 -0.438874 0.982408 0.306439
0.272356 0.698742 -0.163102 -1.5365 -0.446795 0.982173 0.31325
0.278559 0.69587 -0.163918 -1.53022 -0.454593 0.981923 0.320014
0.284658 0.692978 -0.164725 -1.5239 -0.462261 0.981661 0.326724
0.290649 0.690071 -0.165522 -1.51754 -0.469794 0.981387 0.333373
0.296527 0.687154 -0.166307 -1.51117 -0.477187 0.981101 0.339955
0.302287 0.684231 -0.167081 -1.50478 -0.484433 0.980806 0.346463
0.307926 0.681308 -0.167843 -1.4984 -0.491528 0.980501 0.35289
0.313439 0.678389 -0.168591 -1.49203 -0.498465 0.980189 0.359228
0.318821 0.675481 -0.169326 -1.48568 -0.505241 0.979869 0.36547
0.32407 0.672589 -0.170047 -1.47937 -0.511849 0.979544 0.371609
0.329179 0.669719 -0.170752 -1.47311 -0.518284 0.979214 0.377637
0.334147 0.666876 -0.171442 -1.46691 -0.524542 0.97888 0.383546
0.338967 0.664066 -0.172115 -1.46079 -0.530617 0.978545 0.389328
0.343638 0.661297 -0.172771 -1.45476 -0.536504 0.978208 0.394975
0.348154 0.658573 -0.173409 -1.44883 -0.542199 0.977871 0.400479
0.352512 0.655902 -0.174027 -1.44301 -0.547695 0.977535 0.405831
0.356709 0.65329 -0.174627 -1.43733 -0.552989 0.977203 0.411023
0.360739 0.650743 -0.175205 -1.43179 -0.558075 0.976874 0.416047
0.3646 0.648267 -0.175762 -1.4264 -0.562949 0.97655 0.420894
0.368287 0.645871 -0.176298 -1.42119 -0.567605 0.976234 0.425555
0.371797 0.643559 -0.17681 -1.41617 -0.572039 0.975925 0.430021
0.375126 0.64134 -0.177298 -1.41135 -0.576245 0.975625 0.434283
0.37827 0.639219 -0.177761 -1.40674 -0.580218 0.975337 0.438333
0.381225 0.637203 -0.178198 -1.40236 -0.583954 0.97506 0.442161
0.383987 0.635299 -0.178609 -1.39823 -0.587447 0.974796 0.445759
0.386552 0.633514 -0.178992 -1.39435 -0.590692 0.974547 0.449118
0.388917 0.631854 -0.179347 -1.39075 -0.593684 0.974314 0.452229
0.391077 0.630324 -0.179672 -1.38743 -0.596418 0.974098 0.455082
0.393029 0.628933 -0.179966 -1.38441 -0.598887 0.973901 0.457671
0.394767 0.627685 -0.18023 -1.38171 -0.601088 0.973723 0.459985
0.396288 0.626586 -0.180461 -1.37932 -0.603014 0.973565 0.462016
0.397587 0.625643 -0.180659 -1.37728 -0.604659 0.97343 0.463756
0.398661 0.62486 -0.180822 -1.37558 -0.606019 0.973317 0.465197
0.399504 0.624244 -0.180951 -1.37424 -0.607087 0.973228 0.466331
0.399504 0.624244 -0.180951 -1.37424 -0.607087 0.973228 0.466331
0.40048 0.623527 -0.181101 -1.37269 -0.608324 0.973124 0.467646
0.40048 0.623527 -0.181101 -1.37269 -0.608324 0.973124 0.467646
0.40048 0.623527 -0.181101 -1.37269 -0.608324 0.973124 0.467646
0.40048 0.623527 -0.181101 -1.37269 -0.608324 0.973124 0.467646
0.400551 0.624985 -0.181227 -1.37255 -0.609339 0.971973 0.468952
0.400511 0.62617 -0.181308 -1.37259 -0.609999 0.9711 0.469826
0.40046 0.627676 -0.18141 -1.37264 -0.610841 0.969987 0.470942
0.400399 0.629493 -0.181533 -1.37269 -0.611865 0.968639 0.472296
0.400329 0.631615 -0.181675 -1.37274 -0.613067 0.967058 0.473886
0.40025 0.63403 -0.181834 -1.37279 -0.614449 0.96525 0.475709
0.400164 0.636732 -0.18201 -1.37282 -0.616008 0.963216 0.477764
0.40007 0.639709 -0.182201 -1.37284 -0.617744 0.96096 0.480049
0.39997 0.642952 -0.182405 -1.37283 -0.619657 0.958485 0.482563
0.399866 0.646451 -0.182621 -1.3728 -0.621748 0.955795 0.485305
0.399757 0.650198 -0.182847 -1.37273 -0.624017 0.952892 0.488274
0.399645 0.65418 -0.183082 -1.37261 -0.626464 0.949779 0.49147
0.39953 0.658388 -0.183322 -1.37245 -0.629092 0.946459 0.494894
0.399415 0.662811 -0.183567 -1.37222 -0.631899 0.942936 0.498543
0.3993 0.66744 -0.183813 -1.37193 -0.634889 0.939213 0.50242
0.399186 0.672263 -0.184061 -1.37157 -0.638063 0.935292 0.506525
0.399075 0.67727 -0.184306 -1.37113 -0.641423 0.931177 0.510858
0.398967 0.682449 -0.184546 -1.3706 -0.64497 0.926871 0.51542
0.398864 0.687791 -0.18478 -1.36997 -0.648706 0.922378 0.520213
0.398768 0.693284 -0.185006 -1.36924 -0.652635 0.917701 0.525237
0.398679 0.698916 -0.18522 -1.3684 -0.656758 0.912845 0.530494
0.3986 0.704678 -0.18542 -1.36744 -0.661078 0.907813 0.535986
0.39853 0.710558 -0.185605 -1.36636 -0.665598 0.90261 0.541713
0.398473 0.716545 -0.185771 -1.36514 -0.670321 0.897239 0.547678
0.398428 0.722629 -0.185916 -1.36378 -0.675249 0.891706 0.553883
0.398398 0.728797 -0.186037 -1.36228 -0.680386 0.886016 0.560329
0.398383 0.73504 -0.186133 -1.36062 -0.685734 0.880174 0.56702
0.398386 0.741347 -0.186201 -1.35881 -0.691297 0.874185 0.573956
0.398407 0.747706 -0.186238 -1.35682 -0.697078 0.868055 0.58114
0.398448 0.754107 -0.186243 -1.35467 -0.703081 0.86179 0.588574
0.39851 0.76054 -0.186212 -1.35235 -0.709308 0.855396 0.596261
0.398594 0.766994 -0.186145 -1.34984 -0.715763 0.848881 0.604204
0.398701 0.773458 -0.186038 -1.34715 -0.72245 0.84225 0.612404
0.398833 0.779923 -0.18589 -1.34426 -0.729372 0.83551 0.620864
0.398991 0.786378 -0.185699 -1.34119 -0.736531 0.828671 0.629587
0.399175 0.792813 -0.185464 -1.33792 -0.743933 0.821737 0.638576
0.399386 0.79922 -0.185183 -1.33445 -0.751579 0.81472 0.647831
0.399626 0.805589 -0.184854 -1.33078 -0.759473 0.807626 0.657356
0.399894 0.811909 -0.184478 -1.3269 -0.767618 0.800464 0.667153
0.400191 0.818173 -0.184053 -1.32283 -0.776016 0.793243 0.677225
0.400517 0.824371 -0.183579 -1.31854 -0.78467 0.785972 0.687573
0.400874 0.830495 -0.183055 -1.31405 -0.793583 0.77866 0.6982
0.40126 0.836537 -0.182483 -1.30936 -0.802757 0.771318 0.709107
0.401676 0.842489 -0.181861 -1.30446 -0.812194 0.763956 0.720295
0.402121 0.848343 -0.181193 -1.29935 -0.821895 0.756582 0.731766
0.402594 0.854092 -0.180478 -1.29404 -0.831861 0.749209 0.743522
0.403095 0.859728 -0.179718 -1.28853 -0.842092 0.741846 0.755561
0.403623 0.865246 -0.178917 -1.28282 -0.85259 0.734504 0.767885
0.404176 0.870639 -0.178076 -1.27692 -0.863353 0.727195 0.780493
0.404753 0.875901 -0.177199 -1.27083 -0.874379 0.71993 0.793385
0.405352 0.881026 -0.176291 -1.26454 -0.885667 0.71272 0.806558
0.40597 0.886009 -0.175354 -1.25808 -0.897215 0.705577 0.82001
0.406606 0.890846 -0.174396 -1.25144 -0.909016 0.698512 0.833738
0.407256 0.895532 -0.17342 -1.24462 -0.921068 0.691538 0.847739
0.407918 0.900063 -0.172434 -1.23764 -0.933364 0.684666 0.862007
0.408588 0.904436 -0.171443 -1.23051 -0.945895 0.677908 0.876536
0.409263 0.908647 -0.170456 -1.22322 -0.958654 0.671276 0.891318
0.409938 0.912693 -0.169479 -1.21579 -0.97163 0.664782 0.906346
0.410611 0.916573 -0.168522 -1.20822 -0.984811 0.658437 0.921608
0.411277 0.920284 -0.167593 -1.20053 -0.998183 0.652253 0.937094
0.411931 0.923825 -0.1667 -1.19272 -1.01173 0.646241 0.95279
0.41257 0.927196 -0.165853 -1.18481 -1.02544 0.640411 0.968679
0.413188 0.930395 -0.165062 -1.1768 -1.03929 0.634775 0.984745
0.413782 0.933423 -0.164335 -1.16871 -1.05325 0.629342 1.00097
0.414348 0.936281 -0.163682 -1.16055 -1.06732 0.62412 1.01733
0.414881 0.938968 -0.163111 -1.15234 -1.08145 0.61912 1.0338
0.415377 0.941488 -0.16263 -1.14408 -1.09563 0.614347 1.05036
0.415833 0.943841 -0.162248 -1.13579 -1.10982 0.609809 1.06698
0.416246 0.94603 -0.161971 -1.12749 -1.124 0.605511 1.08362
0.416614 0.948058 -0.161805 -1.11918 -1.13813 0.601457 1.10026
0.416933 0.949929 -0.161754 -1.11089 -1.15218 0.59765 1.11687
0.417204 0.951646 -0.161822 -1.10264 -1.16611 0.594092 1.13339
0.417425 0.953213 -0.16201 -1.09443 -1.1799 0.590783 1.14981
0.417595 0.954636 -0.162318 -1.08629 -1.1935 0.587721 1.16607
0.417717 0.955919 -0.162744 -1.07824 -1.20688 0.584904 1.18214
0.41779 0.957069 -0.163286 -1.0703 -1.22001 0.582327 1.19797
0.417816 0.95809 -0.163937 -1.06248 -1.23284 0.579985 1.21352
0.417799 0.958991 -0.164692 -1.0548 -1.24534 0.577869 1.22874
0.417742 0.959777 -0.165541 -1.04729 -1.25748 0.575973 1.2436
0.417647 0.960455 -0.166475 -1.03997 -1.26923 0.574284 1.25805
0.41752 0.961034 -0.167481 -1.03285 -1.28054 0.572794 1.27205
0.417364 0.96152 -0.168548 -1.02597 -1.2914 0.57149 1.28554
0.417185 0.961921 -0.169662 -1.01933 -1.30177 0.570359 1.2985
0.416986 0.962246 -0.170807 -1.01297 -1.31162 0.569388 1.31087
0.416774 0.962503 -0.171969 -1.00691 -1.32093 0.568564 1.32263
0.416553 0.962699 -0.173132 -1.00117 -1.32968 0.567872 1.33371
0.416328 0.962842 -0.174281 -0.995772 -1.33783 0.567299 1.3441
0.416104 0.96294 -0.175398 -0.990736 -1.34537 0.566832 1.35375
0.415885 0.963002 -0.176469 -0.986088 -1.35227 0.566456 1.36263
0.415676 0.963034 -0.177478 -0.981848 -1.35853 0.566159 1.3707
0.41548 0.963043 -0.178411 -0.978037 -1.36411 0.565929 1.37793
0.415302 0.963036 -0.179254 -0.974677 -1.36899 0.565755 1.38428
0.415144 0.963018 -0.179994 -0.971787 -1.37318 0.565627 1.38973
0.415011 0.962996 -0.18062 -0.969386 -1.37664 0.565534 1.39425
0.414903 0.962974 -0.18112 -0.967491 -1.37935 0.565471 1.39781
0.414903 0.962974 -0.18112 -0.967491 -1.37935 0.565471 1.39781
0.414777 0.962942 -0.181708 -0.965288 -1.3825 0.565407 1.40194
0.414777 0.962942 -0.181708 -0.965288 -1.3825 0.565407 1.40194
0.414777 0.962942 -0.181708 -0.965288 -1.3825 0.565407 1.40194
0.414777 0.962942 -0.181708 -0.965288 -1.3825 0.565407 1.40194
0.413639 0.96424 -0.181467 -0.967093 -1.38185 0.564308 1.40076
0.412779 0.965233 -0.181226 -0.968682 -1.38104 0.563472 1.39947
0.411685 0.966495 -0.18092 -0.970701 -1.38 0.562407 1.39781
0.410362 0.968015 -0.180551 -0.97313 -1.37875 0.561119 1.39582
0.408812 0.969784 -0.180122 -0.975955 -1.37728 0.55961 1.39348
0.407043 0.971793 -0.179635 -0.97916 -1.3756 0.557886 1.39083
0.405057 0.974033 -0.179092 -0.982728 -1.37371 0.555951 1.38785
0.402859 0.976493 -0.178497 -0.986642 -1.37161 0.553809 1.38457
0.400455 0.979163 -0.177851 -0.990884 -1.3693 0.551464 1.38099
0.397847 0.982033 -0.177159 -0.995436 -1.36679 0.548921 1.37712
0.39504 0.985092 -0.176421 -1.00028 -1.36408 0.546183 1.37296
0.392038 0.98833 -0.175643 -1.0054 -1.36116 0.543255 1.36853
0.388845 0.991735 -0.174825 -1.01077 -1.35804 0.540141 1.36384
0.385466 0.995296 -0.173973 -1.01638 -1.35472 0.536845 1.35889
0.381903 0.999004 -0.173089 -1.0222 -1.3512 0.533371 1.35369
0.37816 1.00285 -0.172176 -1.02823 -1.34748 0.529725 1.34824
0.374241 1.00681 -0.171238 -1.03443 -1.34355 0.52591 1.34256
0.370149 1.01089 -0.170279 -1.0408 -1.33943 0.521931 1.33664
0.365888 1.01508 -0.169303 -1.04732 -1.33509 0.517793 1.3305
0.36146 1.01935 -0.168313 -1.05396 -1.33056 0.513501 1.32414
0.356869 1.02371 -0.167315 -1.06071 -1.32581 0.50906 1.31756
0.352116 1.02814 -0.166312 -1.06756 -1.32085 0.504475 1.31077
0.347205 1.03263 -0.16531 -1.07449 -1.31568 0.499751 1.30378
0.342138 1.03718 -0.164313 -1.08148 -1.3103 0.494896 1.29658
0.336918 1.04177 -0.163328 -1.08852 -1.30469 0.489913 1.28918
0.331545 1.04639 -0.162359 -1.09559 -1.29887 0.484811 1.28158
0.326022 1.05103 -0.161413 -1.10268 -1.29281 0.479595 1.27379
0.320351 1.05569 -0.160497 -1.10977 -1.28653 0.474271 1.2658
0.314532 1.06036 -0.159618 -1.11686 -1.28 0.468848 1.25762
0.308567 1.06502 -0.158783 -1.12392 -1.27324 0.463333 1.24925
0.302456 1.06967 -0.158001 -1.13096 -1.26624 0.457733 1.24069
0.2962 1.0743 -0.157279 -1.13794 -1.25899 0.452057 1.23194
0.289799 1.07891 -0.156628 -1.14487 -1.25148 0.446313 1.22301
0.283253 1.08348 -0.156057 -1.15173 -1.24372 0.44051 1.21388
0.276561 1.08801 -0.155576 -1.15852 -1.2357 0.434658 1.20458
0.269723 1.09249 -0.155196 -1.16522 -1.22741 0.428765 1.19509
0.262738 1.09691 -0.154928 -1.17182 -1.21886 0.422841 1.18542
0.255604 1.10127 -0.154786 -1.17831 -1.21004 0.416897 1.17557
0.24832 1.10556 -0.15478 -1.18469 -1.20094 0.410943 1.16555
0.240885 1.10977 -0.154925 -1.19095 -1.19158 0.40499 1.15536
0.233296 1.1139 -0.155233 -1.19709 -1.18194 0.399048 1.145
0.225552 1.11795 -0.155717 -1.20308 -1.17203 0.393128 1.13448
0.217651 1.12189 -0.156391 -1.20894 -1.16186 0.387241 1.12382
0.209591 1.12575 -0.157269 -1.21464 -1.15143 0.381398 1.11301
0.201371 1.12949 -0.158364 -1.2202 -1.14074 0.375608 1.10206
0.192989 1.13313 -0.159687 -1.22559 -1.1298 0.369883 1.091
0.184446 1.13665 -0.161252 -1.23082 -1.11862 0.364233 1.07983
0.17574 1.14006 -0.16307 -1.23589 -1.10722 0.358667 1.06856
0.166872 1.14335 -0.165149 -1.24078 -1.09561 0.353194 1.05721
0.157844 1.14651 -0.167499 -1.2455 -1.0838 0.347822 1.04581
0.148658 1.14954 -0.170127 -1.25005 -1.07181 0.342559 1.03436
0.139318 1.15244 -0.173038 -1.25441 -1.05966 0.337412 1.02289
0.129828 1.1552 -0.176235 -1.2586 -1.04737 0.332387 1.01141
0.120194 1.15783 -0.179719 -1.2626 -1.03497 0.327488 0.999951
0.110424 1.16032 -0.183488 -1.26642 -1.02247 0.322719 0.988531
0.100527 1.16267 -0.187539 -1.27005 -1.00991 0.318084 0.977172
0.0905124 1.16488 -0.191867 -1.2735 -0.997297 0.313585 0.965894
0.0803924 1.16694 -0.196464 -1.27677 -0.984671 0.309222 0.95472
0.0701799 1.16886 -0.201318 -1.27986 -0.972052 0.304997 0.943671
0.0598889 1.17064 -0.206418 -1.28276 -0.959467 0.30091 0.932765
0.0495349 1.17228 -0.21175 -1.28549 -0.946939 0.296958 0.922023
0.0391344 1.17377 -0.217297 -1.28804 -0.934494 0.293141 0.911463
0.0287047 1.17512 -0.223042 -1.29042 -0.922156 0.289456 0.901102
0.0182641 1.17634 -0.228967 -1.29262 -0.909947 0.285902 0.890955
0.0078314 1.17742 -0.23505 -1.29466 -0.89789 0.282475 0.881038
-0.00257391 1.17837 -0.241272 -1.29653 -0.886005 0.279172 0.871364
-0.012932 1.17918 -0.247611 -1.29824 -0.874313 0.27599 0.861944
-0.0232228 1.17988 -0.254044 -1.2998 -0.862831 0.272926 0.85279
-0.0334261 1.18045 -0.260549 -1.30121 -0.851578 0.269977 0.843911
-0.0435215 1.1809 -0.267103 -1.30248 -0.84057 0.26714 0.835314
-0.0534888 1.18125 -0.273683 -1.30361 -0.829823 0.264411 0.827007
-0.063308 1.18148 -0.280266 -1.30461 -0.81935 0.261789 0.818995
-0.0729592 1.18162 -0.28683 -1.30548 -0.809165 0.259269 0.811284
-0.0824229 1.18167 -0.293352 -1.30624 -0.799279 0.256851 0.803877
-0.0916799 1.18163 -0.299811 -1.30688 -0.789706 0.254531 0.796776
-0.100711 1.18151 -0.306183 -1.30742 -0.780456 0.252308 0.789984
-0.109499 1.18132 -0.31245 -1.30786 -0.771537 0.25018 0.783502
-0.118025 1.18106 -0.318591 -1.30822 -0.762959 0.248146 0.777329
-0.126273 1.18075 -0.324584 -1.30849 -0.754731 0.246205 0.771467
-0.134225 1.18039 -0.330412 -1.30869 -0.746861 0.244357 0.765913
-0.141865 1.17998 -0.336055 -1.30882 -0.739356 0.242599 0.760669
-0.149178 1.17954 -0.341494 -1.30889 -0.732224 0.240934 0.755731
-0.156148 1.17908 -0.346713 -1.30891 -0.725473 0.23936 0.751099
-0.16276 1.1786 -0.351695 -1.30889 -0.719107 0.237877 0.74677
-0.169 1.17811 -0.356423 -1.30883 -0.713135 0.236487 0.742742
-0.174855 1.17762 -0.360882 -1.30874 -0.707562 0.23519 0.739015
-0.18031 1.17713 -0.365056 -1.30862 -0.702395 0.233987 0.735585
-0.185353 1.17665 -0.368931 -1.3085 -0.69764 0.23288 0.732452
-0.189972 1.1762 -0.372493 -1.30836 -0.693303 0.231869 0.729614
-0.194153 1.17577 -0.375729 -1.30821 -0.689391 0.230957 0.72707
-0.197885 1.17537 -0.378626 -1.30807 -0.685911 0.230144 0.724819
-0.201156 1.17501 -0.381172 -1.30794 -0.682869 0.229433 0.722862
-0.203955 1.1747 -0.383355 -1.30781 -0.680273 0.228826 0.721199
-0.206269 1.17443 -0.385164 -1.30771 -0.67813 0.228324 0.719831
-0.208088 1.17422 -0.386587 -1.30762 -0.676448 0.227929 0.71876
-0.208088 1.17422 -0.386587 -1.30762 -0.676448 0.227929 0.71876
-0.210197 1.17397 -0.38824 -1.30751 -0.674501 0.227473 0.717526
-0.210197 1.17397 -0.38824 -1.30751 -0.674501 0.227473 0.717526
-0.210197 1.17397 -0.38824 -1.30751 -0.674501 0.227473 0.717526
-0.210197 1.17397 -0.38824 -1.30751 -0.674501 0.227473 0.717526
-0.212268 1.17314 -0.391697 -1.30938 -0.670931 0.230059 0.715321
-0.213632 1.17252 -0.394153 -1.31082 -0.6684 0.232076 0.713757
-0.215347 1.17173 -0.39724 -1.31264 -0.665195 0.234633 0.711771
-0.21739 1.17078 -0.400916 -1.31484 -0.661343 0.237712 0.709377
-0.219738 1.16965 -0.405139 -1.3174 -0.656872 0.241295 0.706588
-0.222365 1.16836 -0.409861 -1.32031 -0.651813 0.245361 0.703419
-0.225243 1.1669 -0.415034 -1.32356 -0.646197 0.249891 0.699887
-0.228347 1.16528 -0.420607 -1.32714 -0.640057 0.254864 0.696007
-0.231648 1.16349 -0.426532 -1.33102 -0.633427 0.260262 0.6918
-0.235118 1.16153 -0.432757 -1.3352 -0.626342 0.266064 0.687284
-0.238732 1.15942 -0.439236 -1.33966 -0.618838 0.272251 0.682479
-0.242462 1.15714 -0.44592 -1.34439 -0.610948 0.278805 0.677407
-0.246284 1.15469 -0.452764 -1.34937 -0.602709 0.285707 0.672089
-0.250174 1.15209 -0.459726 -1.35459 -0.594155 0.29294 0.666547
-0.254108 1.14932 -0.466764 -1.36004 -0.58532 0.300487 0.660803
-0.258066 1.14638 -0.473841 -1.36569 -0.576237 0.308332 0.65488
-0.262027 1.14329 -0.480921 -1.37154 -0.566937 0.31646 0.6488
-0.265972 1.14004 -0.487972 -1.37758 -0.557452 0.324856 0.642585
-0.269886 1.13662 -0.494965 -1.38377 -0.547811 0.333506 0.636256
-0.273753 1.13305 -0.501872 -1.39013 -0.53804 0.342396 0.629836
-0.277558 1.12931 -0.508671 -1.39662 -0.528167 0.351514 0.623343
-0.28129 1.12541 -0.515338 -1.40323 -0.518215 0.360848 0.616798
-0.284936 1.12135 -0.521855 -1.40995 -0.508207 0.370386 0.610219
-0.288487 1.11714 -0.528205 -1.41677 -0.498165 0.380116 0.603624
-0.291935 1.11276 -0.534375 -1.42367 -0.488106 0.390027 0.597029
-0.295272 1.10823 -0.540351 -1.43063 -0.478049 0.40011 0.590451
-0.298492 1.10353 -0.546123 -1.43766 -0.468009 0.410352 0.583903
-0.301589 1.09868 -0.551683 -1.44472 -0.458002 0.420744 0.5774
-0.30456 1.09367 -0.557023 -1.45181 -0.44804 0.431276 0.570954
-0.3074 1.08851 -0.562139 -1.45892 -0.438134 0.441938 0.564577
-0.310107 1.08319 -0.567025 -1.46603 -0.428295 0.45272 0.558278
-0.31268 1.07771 -0.571679 -1.47313 -0.418532 0.463613 0.552067
-0.315116 1.07208 -0.576099 -1.48021 -0.408853 0.474606 0.545953
-0.317417 1.0663 -0.580285 -1.48725 -0.399264 0.48569 0.539944
-0.319581 1.06037 -0.584236 -1.49426 -0.389771 0.496856 0.534044
-0.321609 1.05429 -0.587954 -1.5012 -0.38038 0.508093 0.528261
-0.323502 1.04807 -0.59144 -1.50808 -0.371093 0.519392 0.522599
-0.325263 1.0417 -0.594696 -1.51489 -0.361915 0.530742 0.517062
-0.326893 1.03519 -0.597726 -1.52161 -0.352847 0.542136 0.511654
-0.328393 1.02855 -0.600534 -1.52823 -0.343894 0.553561 0.506376
-0.329768 1.02177 -0.603122 -1.53475 -0.335055 0.56501 0.501232
-0.331019 1.01486 -0.605495 -1.54116 -0.326332 0.576471 0.496221
-0.33215 1.00782 -0.607659 -1.54745 -0.317726 0.587935 0.491346
-0.333163 1.00067 -0.609617 -1.5536 -0.309238 0.599392 0.486606
-0.334064 0.993397 -0.611375 -1.55962 -0.300867 0.610832 0.482001
-0.334855 0.986015 -0.61294 -1.5655 -0.292615 0.622245 0.47753
-0.33554 0.978528 -0.614316 -1.57123 -0.28448 0.633622 0.473193
-0.336124 0.970942 -0.615509 -1.57681 -0.276464 0.644952 0.468987
-0.336609 0.963264 -0.616525 -1.58222 -0.268565 0.656226 0.464912
-0.337001 0.9555 -0.617371 -1.58747 -0.260785 0.667433 0.460965
-0.337303 0.947658 -0.618053 -1.59255 -0.253121 0.678565 0.457145
-0.33752 0.939746 -0.618577 -1.59746 -0.245576 0.689611 0.453448
-0.337656 0.931771 -0.61895 -1.60219 -0.238148 0.700563 0.449872
-0.337714 0.923741 -0.619178 -1.60674 -0.230838 0.71141 0.446415
-0.3377 0.915666 -0.619268 -1.61111 -0.223646 0.722145 0.443074
-0.337617 0.907553 -0.619226 -1.6153 -0.216572 0.732757 0.439845
-0.33747 0.899413 -0.61906 -1.61931 -0.209618 0.743238 0.436727
-0.337263 0.891254 -0.618777 -1.62313 -0.202783 0.75358 0.433715
-0.336999 0.883086 -0.618382 -1.62677 -0.196068 0.763774 0.430807
-0.336683 0.87492 -0.617882 -1.63022 -0.189475 0.773811 0.428001
-0.336319 0.866764 -0.617285 -1.63349 -0.183005 0.783685 0.425292
-0.335911 0.858631 -0.616598 -1.63658 -0.176658 0.793387 0.422678
-0.335463 0.850529 -0.615826 -1.63949 -0.170437 0.802909 0.420157
-0.334978 0.84247 -0.614978 -1.64222 -0.164343 0.812246 0.417726
-0.33446 0.834464 -0.614058 -1.64478 -0.158378 0.821389 0.415381
-0.333913 0.826522 -0.613075 -1.64717 -0.152543 0.830333 0.413121
-0.33334 0.818656 -0.612035 -1.64939 -0.146841 0.83907 0.410943
-0.332745 0.810876 -0.610945 -1.65145 -0.141275 0.847595 0.408845
-0.332132 0.803194 -0.60981 -1.65335 -0.135845 0.855903 0.406824
-0.331503 0.79562 -0.608639 -1.65509 -0.130555 0.863986 0.404879
-0.330862 0.788166 -0.607436 -1.65669 -0.125408 0.871841 0.403008
-0.330212 0.780843 -0.606208 -1.65814 -0.120405 0.879462 0.401209
-0.329555 0.773661 -0.604962 -1.65946 -0.11555 0.886844 0.39948
-0.328896 0.766634 -0.603703 -1.66065 -0.110845 0.893983 0.397821
-0.328237 0.75977 -0.602438 -1.66171 -0.106293 0.900874 0.39623
-0.327581 0.753083 -0.601173 -1.66266 -0.101898 0.907514 0.394705
-0.326931 0.746582 -0.599913 -1.66349 -0.0976616 0.913898 0.393247
-0.326289 0.740278 -0.598665 -1.66422 -0.093587 0.920022 0.391853
-0.325657 0.734183 -0.597433 -1.66485 -0.0896775 0.925884 0.390525
-0.325039 0.728308 -0.596224 -1.6654 -0.0859362 0.931479 0.38926
-0.324438 0.722662 -0.595042 -1.66586 -0.0823664 0.936804 0.388059
-0.323854 0.717258 -0.593893 -1.66625 -0.0789711 0.941855 0.386923
-0.323291 0.712105 -0.592782 -1.66656 -0.0757537 0.94663 0.38585
-0.322752 0.707213 -0.591713 -1.66682 -0.0727174 0.951125 0.384841
-0.322237 0.702594 -0.590692 -1.66702 -0.0698655 0.955336 0.383896
-0.321749 0.698257 -0.589723 -1.66718 -0.0672015 0.959261 0.383015
-0.321291 0.694213 -0.588811 -1.66729 -0.0647288 0.962896 0.3822
-0.320864 0.690471 -0.58796 -1.66737 -0.0624509 0.966238 0.38145
-0.32047 0.687041 -0.587173 -1.66742 -0.0603714 0.969282 0.380767
-0.320111 0.683934 -0.586455 -1.66745 -0.0584939 0.972026 0.380151
-0.319789 0.681158 -0.58581 -1.66746 -0.056822 0.974465 0.379603
-0.319505 0.678723 -0.585242 -1.66745 -0.0553598 0.976596 0.379125
-0.319261 0.676639 -0.584752 -1.66744 -0.0541109 0.978413 0.378716
-0.319059 0.674914 -0.584346 -1.66743 -0.0530795 0.979912 0.378379
-0.318899 0.673557 -0.584026 -1.66742 -0.0522697 0.981087 0.378114
-0.318899 0.673557 -0.584026 -1.66742 -0.0522697 0.981087 0.378114
-0.318714 0.671984 -0.583653 -1.6674 -0.051332 0.982448 0.377808
-0.318714 0.671984 -0.583653 -1.6674 -0.051332 0.982448 0.377808
-0.318714 0.671984 -0.583653 -1.6674 -0.051332 0.982448 0.377808
-0.318714 0.671984 -0.583653 -1.6674 -0.051332 0.982448 0.377808
-0.318288 0.671141 -0.583357 -1.66507 -0.0511844 0.981008 0.377881
-0.318288 0.671141 -0.583357 -1.66507 -0.0511844 0.981008 0.377881
-0.317586 0.670018 -0.582925 -1.66102 -0.0511346 0.978202 0.378076
-0.317109 0.669253 -0.582631 -1.65827 -0.0511008 0.9763 0.378208
-0.316549 0.668356 -0.582287 -1.65505 -0.0510614 0.974076 0.378363
-0.315908 0.667327 -0.581894 -1.65137 -0.0510166 0.971536 0.37854
-0.315186 0.666167 -0.581453 -1.64723 -0.0509665 0.968687 0.378738
-0.314384 0.664879 -0.580965 -1.64265 -0.0509112 0.965536 0.378957
-0.313504 0.663461 -0.58043 -1.63764 -0.050851 0.96209 0.379196
-0.312545 0.661916 -0.579849 -1.63219 -0.050786 0.958356 0.379456
-0.311509 0.660243 -0.579223 -1.62632 -0.0507164 0.954339 0.379735
-0.310396 0.658444 -0.578554 -1.62003 -0.0506425 0.950047 0.380034
-0.309206 0.656518 -0.577841 -1.61334 -0.0505643 0.945487 0.38035
-0.307941 0.654467 -0.577086 -1.60624 -0.0504822 0.940663 0.380685
-0.306601 0.65229 -0.576289 -1.59875 -0.0503963 0.935584 0.381037
-0.305186 0.649987 -0.575452 -1.59087 -0.0503068 0.930254 0.381407
-0.303696 0.647559 -0.574575 -1.5826 -0.050214 0.92468 0.381792
-0.302133 0.645006 -0.573659 -1.57396 -0.0501181 0.918868 0.382193
-0.300495 0.642325 -0.572704 -1.56494 -0.0500185 0.91282 0.38261
-0.298785 0.639521 -0.571712 -1.55556 -0.049917 0.906548 0.383041
-0.297003 0.636592 -0.570683 -1.54582 -0.049813 0.900056 0.383486
-0.295149 0.633539 -0.569619 -1.53572 -0.0497068 0.893348 0.383945
-0.293223 0.63036 -0.568521 -1.52528 -0.0495987 0.88643 0.384417
-0.291226 0.627057 -0.567388 -1.5145 -0.0494889 0.879306 0.3849
-0.289158 0.623628 -0.566222 -1.50337 -0.0493776 0.871983 0.385395
-0.28702 0.620075 -0.565023 -1.49191 -0.049265 0.864465 0.385901
-0.284812 0.616397 -0.563794 -1.48012 -0.0491515 0.856756 0.386418
-0.282536 0.612595 -0.562533 -1.46801 -0.0490372 0.848862 0.386943
-0.28019 0.608667 -0.561243 -1.45558 -0.0489224 0.840787 0.387477
-0.277777 0.604615 -0.559925 -1.44283 -0.0488074 0.832536 0.38802
-0.275296 0.600439 -0.558578 -1.42977 -0.0486925 0.824113 0.38857
-0.272748 0.596138 -0.557205 -1.41641 -0.0485777 0.815521 0.389126
-0.270134 0.591714 -0.555805 -1.40274 -0.0484635 0.806766 0.389688
-0.267454 0.587165 -0.55438 -1.38878 -0.04835 0.797851 0.390256
-0.26471 0.582492 -0.552931 -1.37452 -0.0482374 0.788779 0.390827
-0.261901 0.577696 -0.551459 -1.35997 -0.0481261 0.779556 0.391403
-0.259028 0.572777 -0.549964 -1.34514 -0.0480163 0.770183 0.391981
-0.256093 0.567734 -0.548448 -1.33002 -0.0479082 0.760664 0.392561
-0.253096 0.562568 -0.546911 -1.31462 -0.0478019 0.751004 0.393143
-0.250038 0.55728 -0.545355 -1.29895 -0.0476979 0.741205 0.393725
-0.246919 0.551869 -0.543781 -1.28301 -0.0475962 0.73127 0.394307
-0.243741 0.546337 -0.542189 -1.26679 -0.0474971 0.721202 0.394889
-0.240504 0.540682 -0.54058 -1.25032 -0.0474009 0.711004 0.395468
-0.237209 0.534906 -0.538956 -1.23358 -0.0473077 0.700678 0.396046
-0.233858 0.529009 -0.537317 -1.21658 -0.0472177 0.690229 0.39662
-0.23045 0.522991 -0.535665 -1.19932 -0.0471312 0.679657 0.397191
-0.226988 0.516853 -0.534 -1.18181 -0.0470484 0.668966 0.397757
-0.223471 0.510595 -0.532324 -1.16405 -0.0469694 0.658158 0.398318
-0.219902 0.504217 -0.530638 -1.14605 -0.0468946 0.647235 0.398873
-0.21628 0.497719 -0.528942 -1.1278 -0.046824 0.6362 0.399423
-0.212607 0.491103 -0.527237 -1.1093 -0.0467578 0.625054 0.399965
-0.208885 0.484367 -0.525526 -1.09057 -0.0466964 0.6138 0.400499
-0.205113 0.477514 -0.523808 -1.0716 -0.0466398 0.602439 0.401026
-0.201291 0.470536 -0.522085 -1.05239 -0.0465873 0.590966 0.401543
-0.197424 0.463445 -0.520358 -1.03295 -0.0465409 0.579396 0.402052
-0.193512 0.456237 -0.518629 -1.01328 -0.0464999 0.567726 0.402551
-0.189554 0.448912 -0.516899 -0.993383 -0.0464644 0.555956 0.403041
-0.185553 0.44147 -0.515168 -0.973261 -0.0464348 0.544088 0.403519
-0.18151 0.433912 -0.513438 -0.952916 -0.0464111 0.532123 0.403988
-0.177425 0.426237 -0.511711 -0.932349 -0.0463936 0.520063 0.404445
-0.173299 0.418446 -0.509986 -0.911562 -0.0463824 0.50791 0.404891
-0.169134 0.410539 -0.508267 -0.890558 -0.0463777 0.495664 0.405325
-0.164931 0.402516 -0.506554 -0.869337 -0.0463798 0.483327 0.405748
-0.16069 0.394378 -0.504848 -0.847902 -0.0463888 0.4709 0.406159
-0.156414 0.386126 -0.503151 -0.826255 -0.0464048 0.458384 0.406559
-0.152102 0.377758 -0.501464 -0.804396 -0.0464282 0.44578 0.406946
-0.147756 0.369275 -0.499789 -0.782329 -0.0464591 0.43309 0.407322
-0.143377 0.360679 -0.498128 -0.760054 -0.0464977 0.420315 0.407687
-0.138966 0.351968 -0.496481 -0.737573 -0.0465443 0.407454 0.408039
-0.134524 0.343143 -0.49485 -0.714888 -0.046599 0.39451 0.408381
-0.130052 0.334205 -0.493238 -0.692001 -0.0466621 0.381484 0.408711
-0.125545 0.325139 -0.491643 -0.668879 -0.0467324 0.368358 0.409031
-0.121015 0.315971 -0.490071 -0.645582 -0.0468127 0.355164 0.40934
-0.116456 0.306689 -0.488522 -0.622085 -0.0469021 0.34189 0.40964
-0.111871 0.297293 -0.486998 -0.598388 -0.0470008 0.328535 0.40993
-0.10726 0.287784 -0.4855 -0.574494 -0.0471091 0.3151 0.410212
-0.102623 0.278162 -0.48403 -0.550404 -0.0472273 0.301587 0.410486
-0.0979627 0.268428 -0.48259 -0.526119 -0.0473558 0.287995 0.410752
-0.0932782 0.258581 -0.481183 -0.50164 -0.0474947 0.274326 0.411011
-0.0885708 0.248622 -0.47981 -0.47697 -0.0476445 0.260582 0.411264
-0.0838413 0.238552 -0.478472 -0.452112 -0.0478056 0.246762 0.411513
-0.0790906 0.228372 -0.477173 -0.427067 -0.0479784 0.232869 0.411757
-0.0743016 0.218043 -0.475911 -0.401743 -0.0481598 0.218853 0.411996
-0.0695035 0.20763 -0.474693 -0.376297 -0.0483559 0.204797 0.412234
-0.0646846 0.197106 -0.47352 -0.350663 -0.0485647 0.190667 0.412471
-0.0598456 0.186473 -0.472392 -0.324847 -0.0487866 0.176466 0.412707
-0.0549879 0.175734 -0.471313 -0.298855 -0.0490223 0.162197 0.412944
-0.0501139 0.164894 -0.470285 -0.272701 -0.0492727 0.147867 0.413183
-0.0451864 0.153867 -0.469307 -0.246183 -0.049532 0.133367 0.413422
-0.0402639 0.14279 -0.468385 -0.219621 -0.0498104 0.11887 0.413666
-0.0353276 0.131619 -0.46752 -0.192913 -0.0501053 0.104321 0.413916
-0.0303369 0.120261 -0.466713 -0.165841 -0.0504111 0.0896021 0.414169
-0.0253565 0.108868 -0.465968 -0.13876 -0.050738 0.0749045 0.41443
-0.0203258 0.097299 -0.465286 -0.111341 -0.051078 0.0600511 0.414697
-0.0203258 0.097299 -0.465286 -0.111341 -0.051078 0.0600511 0.414697
-0.0102191 0.0738876 -0.464117 -0.0560817 -0.0518146 0.0301954 0.415255
-0.0102191 0.0738876 -0.464117 -0.0560817 -0.0518146 0.0301954 0.415255
-0.0102191 0.0738876 -0.464117 -0.0560817 -0.0518146 0.0301954 0.415255
