0.970052 0.899969 -1.57557e-06 -0.759711 -0.00041753 0.000295362 0.000304176
0.970204 0.899877 -6.23263e-06 -0.758855 -0.00165167 0.00116839 0.00120326
0.970455 0.899725 -1.38667e-05 -0.757452 -0.00367473 0.00259951 0.00267708
0.970799 0.899517 -2.43734e-05 -0.755522 -0.00645903 0.00456914 0.00470548
0.971234 0.899254 -3.76482e-05 -0.753083 -0.00997689 0.00705769 0.00726828
0.971757 0.898939 -5.35867e-05 -0.750154 -0.0142006 0.0100456 0.0103453
0.972363 0.898572 -7.20844e-05 -0.746756 -0.0191026 0.0135132 0.0139164
0.97305 0.898158 -9.30368e-05 -0.742906 -0.024655 0.0174411 0.0179615
0.973814 0.897696 -0.00011634 -0.738625 -0.0308303 0.0218095 0.0224603
0.974651 0.89719 -0.000141888 -0.733931 -0.0376008 0.0265989 0.0273926
0.975559 0.896642 -0.000169578 -0.728843 -0.0449387 0.0317898 0.0327384
0.976533 0.896053 -0.000199305 -0.723382 -0.0528164 0.0373625 0.0384774
0.977571 0.895426 -0.000230964 -0.717565 -0.0612062 0.0432975 0.0445894
0.978669 0.894763 -0.000264452 -0.711412 -0.0700805 0.0495752 0.0510544
0.979823 0.894066 -0.000299663 -0.704943 -0.0794114 0.0561759 0.0578522
0.98103 0.893336 -0.000336493 -0.698176 -0.0891715 0.0630802 0.0649625
0.982287 0.892577 -0.000374837 -0.691131 -0.0993329 0.0702685 0.0723652
0.98359 0.89179 -0.000414592 -0.683827 -0.109868 0.0777211 0.0800402
0.984936 0.890976 -0.000455652 -0.676283 -0.120749 0.0854184 0.0879672
0.986322 0.89014 -0.000497914 -0.668518 -0.131949 0.093341 0.0961262
0.987743 0.889281 -0.000541273 -0.660551 -0.143439 0.101469 0.104497
0.989197 0.888403 -0.000585624 -0.652403 -0.155192 0.109783 0.113059
0.99068 0.887507 -0.000630863 -0.644091 -0.16718 0.118264 0.121793
0.992188 0.886595 -0.000676885 -0.635635 -0.179376 0.126892 0.130678
0.993719 0.88567 -0.000723586 -0.627055 -0.191752 0.135646 0.139694
0.995269 0.884734 -0.000770862 -0.618369 -0.204281 0.144509 0.148821
0.996834 0.883789 -0.000818608 -0.609596 -0.216933 0.153459 0.158039
0.998411 0.882836 -0.000866719 -0.600757 -0.229683 0.162479 0.167327
0.999997 0.881878 -0.000915091 -0.591869 -0.242502 0.171547 0.176665
1.00159 0.880917 -0.000963621 -0.582953 -0.255362 0.180644 0.186034
1.00318 0.879955 -0.0010122 -0.574027 -0.268237 0.189751 0.195413
1.00477 0.878994 -0.00106073 -0.565111 -0.281097 0.198849 0.204782
1.00636 0.878036 -0.0011091 -0.556223 -0.293916 0.207917 0.214121
1.00793 0.877083 -0.00115722 -0.547384 -0.306665 0.216936 0.223409
1.0095 0.876138 -0.00120496 -0.538611 -0.319318 0.225887 0.232627
1.01105 0.875201 -0.00125224 -0.529925 -0.331846 0.234749 0.241754
1.01258 0.874276 -0.00129894 -0.521345 -0.344222 0.243504 0.25077
1.01409 0.873365 -0.00134496 -0.512889 -0.356418 0.252132 0.259655
1.01557 0.872469 -0.0013902 -0.504577 -0.368407 0.260612 0.268389
1.01702 0.871591 -0.00143455 -0.496429 -0.38016 0.268926 0.276951
1.01845 0.870732 -0.00147791 -0.488462 -0.39165 0.277055 0.285322
1.01983 0.869895 -0.00152017 -0.480698 -0.40285 0.284977 0.293481
1.02118 0.869082 -0.00156123 -0.473154 -0.413731 0.292675 0.301408
1.02248 0.868295 -0.00160099 -0.465849 -0.424266 0.300127 0.309083
1.02374 0.867536 -0.00163933 -0.458804 -0.434427 0.307315 0.316485
1.02494 0.866806 -0.00167616 -0.452037 -0.444187 0.31422 0.323596
1.0261 0.866109 -0.00171137 -0.445568 -0.453518 0.32082 0.330393
1.0272 0.865446 -0.00174486 -0.439415 -0.462393 0.327098 0.336858
1.02823 0.864819 -0.00177652 -0.433599 -0.470782 0.333033 0.34297
1.02921 0.86423 -0.00180624 -0.428137 -0.47866 0.338606 0.348709
1.03012 0.863682 -0.00183393 -0.423049 -0.485998 0.343797 0.354055
1.03095 0.863176 -0.00185948 -0.418355 -0.492768 0.348586 0.358988
1.03172 0.862714 -0.00188279 -0.414074 -0.498944 0.352955 0.363486
1.0324 0.862299 -0.00190374 -0.410224 -0.504496 0.356882 0.367531
1.03301 0.861933 -0.00192224 -0.406826 -0.509398 0.36035 0.371103
1.03353 0.861617 -0.00193817 -0.403897 -0.513622 0.363338 0.37418
1.03397 0.861354 -0.00195145 -0.401458 -0.51714 0.365827 0.376742
1.03431 0.861146 -0.00196196 -0.399528 -0.519924 0.367796 0.378771
1.03456 0.860995 -0.00196959 -0.398125 -0.521947 0.369227 0.380245
1.03472 0.860903 -0.00197425 -0.39727 -0.523181 0.3701 0.381144
1.03477 0.860872 -0.00197582 -0.39698 -0.523599 0.370396 0.381448
1.03456 0.860507 -0.00239335 -0.396789 -0.523948 0.370094 0.381388
1.03394 0.859429 -0.00362749 -0.396226 -0.524979 0.369202 0.381212
1.03293 0.857662 -0.00565055 -0.395302 -0.526671 0.367741 0.380922
1.03153 0.855229 -0.00843485 -0.39403 -0.528998 0.365729 0.380524
1.02977 0.852156 -0.0119527 -0.392423 -0.531939 0.363187 0.380021
1.02766 0.848467 -0.0161765 -0.390494 -0.53547 0.360135 0.379417
1.0252 0.844185 -0.0210784 -0.388255 -0.539568 0.356594 0.378715
1.02242 0.839334 -0.0266309 -0.385719 -0.544209 0.352582 0.377921
1.01933 0.83394 -0.0328061 -0.382898 -0.549372 0.34812 0.377038
1.01594 0.828026 -0.0395766 -0.379806 -0.555031 0.343228 0.376069
1.01227 0.821616 -0.0469145 -0.376454 -0.561166 0.337926 0.37502
1.00833 0.814734 -0.0547922 -0.372856 -0.567751 0.332235 0.373893
1.00413 0.807405 -0.063182 -0.369024 -0.574765 0.326173 0.372693
0.999683 0.799653 -0.0720563 -0.36497 -0.582183 0.319761 0.371424
0.995012 0.791502 -0.0813873 -0.360708 -0.589983 0.313019 0.370089
0.990126 0.782976 -0.0911473 -0.35625 -0.598142 0.305967 0.368693
0.985039 0.774099 -0.101309 -0.351609 -0.606637 0.298625 0.367239
0.979764 0.764896 -0.111844 -0.346797 -0.615444 0.291013 0.365732
0.974317 0.755391 -0.122725 -0.341827 -0.62454 0.283151 0.364176
0.96871 0.745608 -0.133925 -0.336711 -0.633902 0.27506 0.362574
0.962958 0.735571 -0.145415 -0.331463 -0.643508 0.266758 0.36093
0.957074 0.725304 -0.157168 -0.326095 -0.653333 0.258266 0.359249
0.951072 0.714831 -0.169156 -0.320619 -0.663355 0.249604 0.357534
0.944966 0.704177 -0.181352 -0.315048 -0.67355 0.240792 0.35579
0.938771 0.693366 -0.193728 -0.309395 -0.683896 0.23185 0.35402
0.932499 0.682422 -0.206256 -0.303673 -0.694369 0.222798 0.352228
0.926164 0.671369 -0.218909 -0.297894 -0.704946 0.213656 0.350418
0.919781 0.660232 -0.231659 -0.29207 -0.715604 0.204444 0.348594
0.913364 0.649034 -0.244478 -0.286215 -0.72632 0.195182 0.346761
0.906925 0.6378 -0.257338 -0.280341 -0.737071 0.18589 0.344921
0.90048 0.626554 -0.270212 -0.27446 -0.747833 0.176588 0.34308
0.894042 0.615319 -0.283073 -0.268586 -0.758584 0.167297 0.34124
0.887624 0.604121 -0.295892 -0.262731 -0.7693 0.158035 0.339406
0.881242 0.592984 -0.308641 -0.256908 -0.779958 0.148823 0.337583
0.874907 0.581931 -0.321294 -0.251128 -0.790536 0.139681 0.335773
0.868635 0.570987 -0.333822 -0.245406 -0.801009 0.130629 0.333981
0.862439 0.560176 -0.346198 -0.239753 -0.811354 0.121687 0.332211
0.856334 0.549522 -0.358394 -0.234182 -0.82155 0.112875 0.330466
0.850332 0.53905 -0.370383 -0.228707 -0.831572 0.104213 0.328751
0.844448 0.528783 -0.382136 -0.223338 -0.841397 0.0957211 0.32707
0.838696 0.518746 -0.393626 -0.21809 -0.851002 0.0874192 0.325427
0.833089 0.508962 -0.404825 -0.212975 -0.860364 0.0793273 0.323825
0.827641 0.499457 -0.415707 -0.208004 -0.86946 0.0714654 0.322268
0.822367 0.490254 -0.426242 -0.203192 -0.878267 0.0638535 0.320761
0.81728 0.481377 -0.436403 -0.198551 -0.886762 0.0565117 0.319308
0.812394 0.472852 -0.446163 -0.194093 -0.894921 0.0494598 0.317912
0.807722 0.4647 -0.455494 -0.189831 -0.902721 0.0427179 0.316577
0.80328 0.456948 -0.464368 -0.185778 -0.91014 0.0363061 0.315308
0.799079 0.449619 -0.472758 -0.181946 -0.917153 0.0302442 0.314108
0.795136 0.442738 -0.480636 -0.178347 -0.923739 0.0245524 0.312981
0.791462 0.436328 -0.487974 -0.174996 -0.929873 0.0192506 0.311931
0.788073 0.430413 -0.494744 -0.171903 -0.935533 0.0143588 0.310963
0.784981 0.425019 -0.50092 -0.169083 -0.940695 0.009897 0.310079
0.782201 0.420169 -0.506472 -0.166546 -0.945337 0.00588521 0.309285
0.779747 0.415887 -0.511374 -0.164307 -0.949434 0.00234345 0.308584
0.777633 0.412197 -0.515598 -0.162378 -0.952965 -0.000708307 0.30798
0.775871 0.409124 -0.519116 -0.160771 -0.955906 -0.00325005 0.307477
0.774478 0.406692 -0.5219 -0.1595 -0.958234 -0.00526177 0.307078
0.773465 0.404924 -0.523923 -0.158576 -0.959925 -0.00672348 0.306789
0.772847 0.403846 -0.525157 -0.158012 -0.960957 -0.00761517 0.306612
0.772638 0.403482 -0.525575 -0.157821 -0.961306 -0.00791685 0.306553
0.772429 0.403117 -0.525992 -0.15763 -0.961655 -0.00821852 0.306493
0.771811 0.402039 -0.527226 -0.157067 -0.962686 -0.00911021 0.306316
0.770798 0.400272 -0.529249 -0.156143 -0.964378 -0.0105719 0.306027
0.769404 0.397839 -0.532034 -0.154871 -0.966705 -0.0125836 0.305629
0.767643 0.394766 -0.535551 -0.153264 -0.969646 -0.0151254 0.305126
0.765529 0.391077 -0.539775 -0.151335 -0.973177 -0.0181771 0.304521
0.763075 0.386795 -0.544677 -0.149096 -0.977275 -0.0217189 0.30382
0.760295 0.381944 -0.55023 -0.14656 -0.981916 -0.0257307 0.303026
0.757203 0.37655 -0.556405 -0.143739 -0.987078 -0.0301925 0.302143
0.753814 0.370635 -0.563175 -0.140647 -0.992738 -0.0350843 0.301174
0.75014 0.364225 -0.570513 -0.137295 -0.998872 -0.0403861 0.300125
0.746196 0.357344 -0.578391 -0.133697 -1.00546 -0.0460779 0.298998
0.741996 0.350015 -0.586781 -0.129865 -1.01247 -0.0521398 0.297798
0.737553 0.342263 -0.595655 -0.125811 -1.01989 -0.0585516 0.296528
0.732882 0.334112 -0.604986 -0.121549 -1.02769 -0.0652935 0.295194
0.727996 0.325586 -0.614746 -0.117091 -1.03585 -0.0723454 0.293798
0.722909 0.316709 -0.624908 -0.11245 -1.04434 -0.0796872 0.292344
0.717634 0.307506 -0.635443 -0.107638 -1.05315 -0.0872991 0.290837
0.712187 0.298001 -0.646324 -0.102668 -1.06225 -0.095161 0.289281
0.70658 0.288218 -0.657523 -0.0975522 -1.07161 -0.103253 0.287679
0.700828 0.27818 -0.669013 -0.092304 -1.08121 -0.111555 0.286035
0.694944 0.267914 -0.680767 -0.0869356 -1.09104 -0.120047 0.284354
0.688942 0.257441 -0.692755 -0.0814598 -1.10106 -0.128709 0.282639
0.682836 0.246787 -0.704951 -0.0758891 -1.11126 -0.137521 0.280895
0.676641 0.235976 -0.717327 -0.0702363 -1.1216 -0.146462 0.279125
0.670369 0.225032 -0.729855 -0.0645139 -1.13208 -0.155514 0.277333
0.664034 0.213979 -0.742508 -0.0587346 -1.14265 -0.164656 0.275523
0.657651 0.202842 -0.755258 -0.0529111 -1.15331 -0.173868 0.273699
0.651234 0.191644 -0.768076 -0.0470559 -1.16403 -0.18313 0.271865
0.644796 0.18041 -0.780937 -0.0411818 -1.17478 -0.192422 0.270026
0.63835 0.169163 -0.793811 -0.0353014 -1.18554 -0.201724 0.268184
0.631912 0.157929 -0.806671 -0.0294273 -1.19629 -0.211016 0.266345
0.625494 0.146731 -0.81949 -0.0235721 -1.20701 -0.220278 0.264511
0.619112 0.135594 -0.83224 -0.0177486 -1.21767 -0.22949 0.262688
0.612777 0.124541 -0.844893 -0.0119693 -1.22824 -0.238632 0.260878
0.606505 0.113597 -0.857421 -0.00624695 -1.23872 -0.247684 0.259086
0.600309 0.102786 -0.869797 -0.000594102 -1.24906 -0.256626 0.257315
0.594204 0.092132 -0.881993 0.00497656 -1.25926 -0.265438 0.255571
0.588202 0.0816595 -0.893981 0.0104524 -1.26928 -0.274099 0.253856
0.582318 0.0713926 -0.905735 0.0158207 -1.2791 -0.282591 0.252175
0.576566 0.0613553 -0.917225 0.021069 -1.28871 -0.290893 0.250531
0.570959 0.051572 -0.928424 0.0261845 -1.29807 -0.298985 0.248929
0.565511 0.0420668 -0.939305 0.0311545 -1.30717 -0.306847 0.247373
0.560237 0.0328638 -0.94984 0.0359666 -1.31597 -0.314459 0.245866
0.55515 0.0239873 -0.960002 0.0406079 -1.32447 -0.321801 0.244413
0.550264 0.0154614 -0.969762 0.0450659 -1.33263 -0.328853 0.243016
0.545592 0.00731026 -0.979093 0.0493279 -1.34043 -0.335595 0.241682
0.54115 -0.000441838 -0.987967 0.0533813 -1.34785 -0.342006 0.240412
0.536949 -0.00777077 -0.996357 0.0572135 -1.35486 -0.348068 0.239212
0.533006 -0.0146523 -1.00423 0.0608117 -1.36145 -0.35376 0.238086
0.529332 -0.0210624 -1.01157 0.0641634 -1.36758 -0.359062 0.237036
0.525943 -0.0269767 -1.01834 0.0672558 -1.37324 -0.363954 0.236067
0.522851 -0.0323712 -1.02452 0.0700765 -1.3784 -0.368416 0.235184
0.520071 -0.0372215 -1.03007 0.0726126 -1.38304 -0.372427 0.23439
0.517617 -0.0415036 -1.03497 0.0748516 -1.38714 -0.375969 0.233689
0.515503 -0.0451933 -1.0392 0.0767808 -1.39067 -0.379021 0.233085
0.513742 -0.0482663 -1.04271 0.0783877 -1.39361 -0.381563 0.232581
0.512348 -0.0506985 -1.0455 0.0796594 -1.39594 -0.383574 0.232183
0.511335 -0.0524658 -1.04752 0.0805835 -1.39763 -0.385036 0.231894
0.510717 -0.0535438 -1.04876 0.0811472 -1.39866 -0.385928 0.231717
0.510508 -0.0539086 -1.04917 0.0813379 -1.39901 -0.386229 0.231658
0.510299 -0.0542733 -1.04959 0.0815286 -1.39936 -0.386531 0.231598
0.509681 -0.0553514 -1.05083 0.0820923 -1.40039 -0.387423 0.231421
0.508668 -0.0571186 -1.05285 0.0830164 -1.40208 -0.388884 0.231132
0.507274 -0.0595509 -1.05563 0.0842881 -1.40441 -0.390896 0.230734
0.505513 -0.0626239 -1.05915 0.0858949 -1.40735 -0.393438 0.23023
0.503399 -0.0663136 -1.06337 0.0878242 -1.41088 -0.39649 0.229626
0.500945 -0.0705956 -1.06828 0.0900632 -1.41498 -0.400031 0.228925
0.498165 -0.075446 -1.07383 0.0925993 -1.41962 -0.404043 0.228131
0.495073 -0.0808404 -1.08 0.09542 -1.42479 -0.408505 0.227248
0.491684 -0.0867548 -1.08677 0.0985124 -1.43045 -0.413397 0.226279
0.48801 -0.0931648 -1.09411 0.101864 -1.43658 -0.418699 0.22523
0.484066 -0.100046 -1.10199 0.105462 -1.44316 -0.42439 0.224103
0.479866 -0.107375 -1.11038 0.109294 -1.45018 -0.430452 0.222903
0.475423 -0.115127 -1.11925 0.113348 -1.4576 -0.436864 0.221633
0.470752 -0.123279 -1.12858 0.11761 -1.4654 -0.443606 0.220299
0.465866 -0.131804 -1.13834 0.122068 -1.47356 -0.450658 0.218902
0.460779 -0.140681 -1.14851 0.126709 -1.48205 -0.458 0.217449
0.455505 -0.149884 -1.15904 0.131521 -1.49086 -0.465612 0.215942
0.450057 -0.159389 -1.16992 0.136491 -1.49995 -0.473474 0.214386
0.44445 -0.169172 -1.18112 0.141607 -1.50932 -0.481565 0.212784
0.438698 -0.17921 -1.19261 0.146855 -1.51892 -0.489867 0.21114
0.432814 -0.189477 -1.20437 0.152223 -1.52875 -0.498359 0.209459
0.426812 -0.199949 -1.21635 0.157699 -1.53877 -0.507021 0.207744
0.420706 -0.210603 -1.22855 0.16327 -1.54896 -0.515833 0.206
0.414511 -0.221414 -1.24093 0.168923 -1.55931 -0.524775 0.204229
0.408239 -0.232358 -1.25345 0.174645 -1.56978 -0.533827 0.202437
0.401904 -0.243411 -1.26611 0.180424 -1.58036 -0.542969 0.200628
0.395521 -0.254548 -1.27886 0.186248 -1.59102 -0.552181 0.198804
0.389104 -0.265746 -1.29168 0.192103 -1.60173 -0.561443 0.19697
0.382666 -0.276981 -1.30454 0.197977 -1.61248 -0.570735 0.195131
0.37622 -0.288227 -1.31741 0.203858 -1.62325 -0.580037 0.193289
0.369782 -0.299461 -1.33027 0.209732 -1.634 -0.589329 0.19145
0.363364 -0.310659 -1.34309 0.215587 -1.64471 -0.59859 0.189616
0.356982 -0.321796 -1.35584 0.22141 -1.65537 -0.607802 0.187792
0.350647 -0.332849 -1.36849 0.22719 -1.66595 -0.616944 0.185982
0.344375 -0.343793 -1.38102 0.232912 -1.67642 -0.625996 0.18419
0.338179 -0.354604 -1.3934 0.238565 -1.68677 -0.634938 0.18242
0.332074 -0.365258 -1.40559 0.244136 -1.69696 -0.64375 0.180676
0.326072 -0.375731 -1.41758 0.249611 -1.70699 -0.652412 0.178961
0.320188 -0.385998 -1.42933 0.25498 -1.71681 -0.660904 0.17728
0.314436 -0.396035 -1.44082 0.260228 -1.72642 -0.669206 0.175636
0.308829 -0.405818 -1.45202 0.265344 -1.73578 -0.677298 0.174034
0.303381 -0.415323 -1.4629 0.270314 -1.74487 -0.68516 0.172478
0.298107 -0.424526 -1.47344 0.275126 -1.75368 -0.692771 0.170971
0.29302 -0.433403 -1.4836 0.279767 -1.76218 -0.700113 0.169517
0.288134 -0.441929 -1.49336 0.284225 -1.77033 -0.707165 0.168121
0.283462 -0.45008 -1.50269 0.288487 -1.77813 -0.713907 0.166787
0.27902 -0.457832 -1.51157 0.29254 -1.78555 -0.720319 0.165517
0.27482 -0.465161 -1.51996 0.296373 -1.79257 -0.726381 0.164317
0.270876 -0.472043 -1.52783 0.299971 -1.79915 -0.732073 0.16319
0.267202 -0.478453 -1.53517 0.303322 -1.80529 -0.737374 0.162141
0.263813 -0.484367 -1.54194 0.306415 -1.81095 -0.742266 0.161172
0.260721 -0.489761 -1.54812 0.309235 -1.81611 -0.746728 0.160289
0.257941 -0.494612 -1.55367 0.311772 -1.82075 -0.75074 0.159495
0.255487 -0.498894 -1.55857 0.314011 -1.82485 -0.754282 0.158794
0.253373 -0.502583 -1.5628 0.31594 -1.82838 -0.757333 0.158189
0.251612 -0.505656 -1.56631 0.317547 -1.83132 -0.759875 0.157686
0.250218 -0.508089 -1.5691 0.318818 -1.83365 -0.761887 0.157288
0.249205 -0.509856 -1.57112 0.319743 -1.83534 -0.763348 0.156999
0.248587 -0.510934 -1.57235 0.320306 -1.83637 -0.76424 0.156822
0.248378 -0.511299 -1.57277 0.320497 -1.83672 -0.764542 0.156762
0.248095 -0.511183 -1.5729 0.320684 -1.83694 -0.764723 0.15718
0.247259 -0.51084 -1.57327 0.321236 -1.83758 -0.765258 0.158414
0.245888 -0.510277 -1.57389 0.322141 -1.83863 -0.766134 0.160437
0.244002 -0.509504 -1.57474 0.323387 -1.84008 -0.767341 0.163221
0.241618 -0.508526 -1.57581 0.324962 -1.84192 -0.768866 0.166739
0.238756 -0.507352 -1.57709 0.326852 -1.84412 -0.770696 0.170963
0.235435 -0.50599 -1.57858 0.329045 -1.84667 -0.772821 0.175865
0.231673 -0.504447 -1.58027 0.33153 -1.84957 -0.775227 0.181417
0.227489 -0.50273 -1.58215 0.334294 -1.85278 -0.777904 0.187593
0.222902 -0.500849 -1.5842 0.337323 -1.85631 -0.780838 0.194363
0.21793 -0.49881 -1.58643 0.340607 -1.86014 -0.784018 0.201701
0.212593 -0.49662 -1.58883 0.344132 -1.86424 -0.787432 0.209579
0.206908 -0.494288 -1.59138 0.347887 -1.86861 -0.791069 0.217969
0.200896 -0.491822 -1.59408 0.351858 -1.87324 -0.794915 0.226843
0.194574 -0.489229 -1.59692 0.356034 -1.8781 -0.798959 0.236174
0.187961 -0.486516 -1.59988 0.360401 -1.88318 -0.803189 0.245934
0.181076 -0.483692 -1.60297 0.364949 -1.88848 -0.807593 0.256095
0.173938 -0.480765 -1.60617 0.369663 -1.89397 -0.812159 0.26663
0.166566 -0.47774 -1.60948 0.374533 -1.89964 -0.816875 0.277512
0.158978 -0.474628 -1.61289 0.379544 -1.90547 -0.821728 0.288711
0.151193 -0.471435 -1.61638 0.384686 -1.91146 -0.826708 0.300201
0.143229 -0.468168 -1.61995 0.389946 -1.91759 -0.831802 0.311954
0.135107 -0.464836 -1.6236 0.395311 -1.92383 -0.836998 0.323943
0.126843 -0.461447 -1.62731 0.400769 -1.93019 -0.842284 0.336139
0.118458 -0.458007 -1.63107 0.406307 -1.93664 -0.847647 0.348515
0.10997 -0.454526 -1.63488 0.411913 -1.94316 -0.853077 0.361043
0.101397 -0.451009 -1.63873 0.417575 -1.94976 -0.858561 0.373696
0.0927587 -0.447466 -1.6426 0.423281 -1.9564 -0.864086 0.386445
0.0840734 -0.443903 -1.6465 0.429017 -1.96308 -0.869642 0.399264
0.07536 -0.440329 -1.65041 0.434772 -1.96978 -0.875216 0.412125
0.0666372 -0.436751 -1.65432 0.440534 -1.97649 -0.880795 0.424999
0.0579238 -0.433177 -1.65823 0.446289 -1.98319 -0.886369 0.437859
0.0492385 -0.429615 -1.66213 0.452025 -1.98987 -0.891925 0.450678
0.0406001 -0.426071 -1.66601 0.457731 -1.99651 -0.89745 0.463428
0.0320274 -0.422555 -1.66985 0.463393 -2.00311 -0.902934 0.476081
0.023539 -0.419073 -1.67366 0.468999 -2.00963 -0.908364 0.488609
0.0151538 -0.415633 -1.67742 0.474538 -2.01608 -0.913728 0.500985
0.00689051 -0.412244 -1.68113 0.479995 -2.02244 -0.919013 0.513181
-0.00123211 -0.408912 -1.68478 0.48536 -2.02869 -0.924209 0.525169
-0.00919531 -0.405646 -1.68835 0.49062 -2.03481 -0.929303 0.536922
-0.0169803 -0.402452 -1.69184 0.495762 -2.0408 -0.934283 0.548412
-0.0245684 -0.39934 -1.69525 0.500774 -2.04663 -0.939137 0.559612
-0.0319408 -0.396316 -1.69856 0.505643 -2.0523 -0.943853 0.570493
-0.0390788 -0.393388 -1.70176 0.510357 -2.05779 -0.948418 0.581028
-0.0459636 -0.390564 -1.70485 0.514905 -2.06309 -0.952822 0.59119
-0.0525764 -0.387851 -1.70782 0.519272 -2.06817 -0.957052 0.60095
-0.0588985 -0.385258 -1.71065 0.523448 -2.07303 -0.961096 0.610281
-0.0649112 -0.382792 -1.71335 0.527419 -2.07766 -0.964943 0.619155
-0.0705956 -0.38046 -1.7159 0.531174 -2.08203 -0.968579 0.627545
-0.075933 -0.378271 -1.7183 0.534699 -2.08614 -0.971993 0.635422
-0.0809048 -0.376232 -1.72053 0.537983 -2.08996 -0.975173 0.64276
-0.085492 -0.37435 -1.72259 0.541013 -2.09349 -0.978107 0.649531
-0.089676 -0.372634 -1.72446 0.543776 -2.0967 -0.980784 0.655706
-0.093438 -0.371091 -1.72615 0.546261 -2.0996 -0.98319 0.661259
-0.0967593 -0.369728 -1.72764 0.548454 -2.10215 -0.985315 0.66616
-0.099621 -0.368554 -1.72893 0.550345 -2.10435 -0.987145 0.670384
-0.102005 -0.367577 -1.73 0.551919 -2.10619 -0.98867 0.673902
-0.103891 -0.366803 -1.73084 0.553165 -2.10764 -0.989877 0.676686
-0.105262 -0.366241 -1.73146 0.55407 -2.10869 -0.990753 0.678709
-0.106098 -0.365898 -1.73183 0.554622 -2.10933 -0.991288 0.679944
-0.106381 -0.365782 -1.73196 0.554809 -2.10955 -0.991469 0.680361
-0.106664 -0.365666 -1.73209 0.554996 -2.10977 -0.99165 0.680779
-0.1075 -0.365323 -1.73246 0.555548 -2.11041 -0.992185 0.682013
-0.108871 -0.36476 -1.73308 0.556454 -2.11147 -0.993062 0.684036
-0.110757 -0.363987 -1.73392 0.5577 -2.11292 -0.994269 0.68682
-0.113141 -0.363009 -1.73499 0.559274 -2.11475 -0.995793 0.690338
-0.116002 -0.361835 -1.73628 0.561164 -2.11695 -0.997624 0.694562
-0.119324 -0.360473 -1.73777 0.563358 -2.11951 -0.999748 0.699464
-0.123086 -0.35893 -1.73946 0.565842 -2.1224 -1.00215 0.705016
-0.12727 -0.357213 -1.74133 0.568606 -2.12562 -1.00483 0.711191
-0.131857 -0.355332 -1.74339 0.571636 -2.12914 -1.00777 0.717962
-0.136828 -0.353292 -1.74562 0.574919 -2.13297 -1.01095 0.7253
-0.142166 -0.351103 -1.74802 0.578445 -2.13707 -1.01436 0.733178
-0.14785 -0.348771 -1.75057 0.582199 -2.14144 -1.018 0.741567
-0.153863 -0.346305 -1.75327 0.58617 -2.14607 -1.02184 0.750442
-0.160185 -0.343712 -1.7561 0.590346 -2.15093 -1.02589 0.759773
-0.166798 -0.340999 -1.75907 0.594714 -2.15602 -1.03012 0.769533
-0.173683 -0.338175 -1.76216 0.599261 -2.16131 -1.03452 0.779694
-0.180821 -0.335247 -1.76536 0.603976 -2.1668 -1.03909 0.790229
-0.188193 -0.332223 -1.76867 0.608845 -2.17247 -1.0438 0.80111
-0.195781 -0.329111 -1.77208 0.613857 -2.17831 -1.04866 0.81231
-0.203566 -0.325918 -1.77557 0.618999 -2.18429 -1.05364 0.8238
-0.211529 -0.322651 -1.77914 0.624258 -2.19042 -1.05873 0.835553
-0.219652 -0.319319 -1.78279 0.629623 -2.19666 -1.06393 0.847542
-0.227915 -0.31593 -1.78649 0.635081 -2.20302 -1.06921 0.859738
-0.236301 -0.31249 -1.79026 0.640619 -2.20947 -1.07457 0.872114
-0.244789 -0.309009 -1.79407 0.646226 -2.216 -1.08 0.884642
-0.253362 -0.305492 -1.79791 0.651888 -2.22259 -1.08549 0.897294
-0.262 -0.301949 -1.80179 0.657593 -2.22923 -1.09101 0.910044
-0.270685 -0.298386 -1.80569 0.66333 -2.23591 -1.09657 0.922863
-0.279399 -0.294812 -1.8096 0.669085 -2.24261 -1.10214 0.935723
-0.288122 -0.291234 -1.81351 0.674846 -2.24932 -1.10772 0.948598
-0.296835 -0.28766 -1.81742 0.680601 -2.25602 -1.1133 0.961458
-0.30552 -0.284097 -1.82132 0.686338 -2.2627 -1.11885 0.974277
-0.314159 -0.280554 -1.82519 0.692043 -2.26935 -1.12438 0.987027
-0.322731 -0.277038 -1.82904 0.697705 -2.27594 -1.12986 0.999679
-0.33122 -0.273556 -1.83285 0.703312 -2.28247 -1.13529 1.01221
-0.339605 -0.270116 -1.83661 0.70885 -2.28892 -1.14066 1.02458
-0.347868 -0.266727 -1.84032 0.714308 -2.29527 -1.14594 1.03678
-0.355991 -0.263395 -1.84396 0.719673 -2.30152 -1.15114 1.04877
-0.363954 -0.260129 -1.84754 0.724932 -2.30764 -1.15623 1.06052
-0.371739 -0.256935 -1.85103 0.730074 -2.31363 -1.16121 1.07201
-0.379327 -0.253823 -1.85444 0.735086 -2.31946 -1.16606 1.08321
-0.3867 -0.250799 -1.85774 0.739955 -2.32513 -1.17078 1.09409
-0.393838 -0.247871 -1.86095 0.74467 -2.33062 -1.17535 1.10463
-0.400722 -0.245047 -1.86404 0.749217 -2.33592 -1.17975 1.11479
-0.407335 -0.242334 -1.867 0.753585 -2.341 -1.18398 1.12455
-0.413657 -0.239741 -1.86984 0.75776 -2.34587 -1.18802 1.13388
-0.41967 -0.237275 -1.87254 0.761732 -2.35049 -1.19187 1.14275
-0.425354 -0.234943 -1.87509 0.765486 -2.35486 -1.19551 1.15114
-0.430692 -0.232754 -1.87748 0.769011 -2.35897 -1.19892 1.15902
-0.435664 -0.230714 -1.87972 0.772295 -2.36279 -1.2021 1.16636
-0.440251 -0.228833 -1.88177 0.775325 -2.36632 -1.20503 1.17313
-0.444435 -0.227117 -1.88365 0.778088 -2.36954 -1.20771 1.1793
-0.448197 -0.225573 -1.88534 0.780573 -2.37243 -1.21012 1.18486
-0.451518 -0.224211 -1.88683 0.782767 -2.37498 -1.21224 1.18976
-0.45438 -0.223037 -1.88811 0.784657 -2.37718 -1.21407 1.19398
-0.456763 -0.22206 -1.88918 0.786231 -2.37902 -1.2156 1.1975
-0.45865 -0.221286 -1.89003 0.787477 -2.38047 -1.2168 1.20029
-0.46002 -0.220724 -1.89065 0.788382 -2.38152 -1.21768 1.20231
-0.460857 -0.220381 -1.89102 0.788935 -2.38217 -1.21822 1.20354
-0.46114 -0.220265 -1.89115 0.789122 -2.38238 -1.2184 1.20396
-0.461428 -0.220146 -1.89128 0.789312 -2.38261 -1.21858 1.20439
-0.462281 -0.219796 -1.89166 0.789876 -2.38326 -1.21913 1.20564
-0.463679 -0.219223 -1.89229 0.790799 -2.38434 -1.22002 1.20771
-0.465602 -0.218434 -1.89315 0.792069 -2.38582 -1.22125 1.21055
-0.468032 -0.217437 -1.89424 0.793674 -2.38768 -1.22281 1.21413
-0.470948 -0.216241 -1.89555 0.7956 -2.38993 -1.22467 1.21844
-0.47433 -0.214854 -1.89707 0.797834 -2.39253 -1.22683 1.22343
-0.478161 -0.213283 -1.89879 0.800364 -2.39547 -1.22928 1.22908
-0.48242 -0.211536 -1.9007 0.803177 -2.39875 -1.23201 1.23537
-0.487087 -0.209621 -1.90279 0.806259 -2.40234 -1.23499 1.24226
-0.492143 -0.207547 -1.90506 0.809599 -2.40623 -1.23823 1.24972
-0.49757 -0.205321 -1.90749 0.813183 -2.4104 -1.2417 1.25773
-0.503346 -0.202952 -1.91009 0.816998 -2.41484 -1.24539 1.26625
-0.509453 -0.200447 -1.91283 0.821032 -2.41954 -1.2493 1.27527
-0.515872 -0.197814 -1.91571 0.825272 -2.42448 -1.25341 1.28474
-0.522583 -0.195061 -1.91872 0.829704 -2.42964 -1.2577 1.29465
-0.529566 -0.192197 -1.92185 0.834316 -2.43501 -1.26217 1.30495
-0.536802 -0.189229 -1.9251 0.839095 -2.44057 -1.2668 1.31563
-0.544271 -0.186165 -1.92845 0.844029 -2.44632 -1.27157 1.32666
-0.551955 -0.183013 -1.9319 0.849104 -2.45223 -1.27649 1.338
-0.559833 -0.179782 -1.93543 0.854307 -2.45829 -1.28153 1.34963
-0.567887 -0.176478 -1.93905 0.859626 -2.46448 -1.28668 1.36151
-0.576096 -0.173111 -1.94273 0.865048 -2.47079 -1.29193 1.37363
-0.584441 -0.169688 -1.94648 0.87056 -2.47721 -1.29727 1.38594
-0.592903 -0.166217 -1.95027 0.876149 -2.48372 -1.30268 1.39843
-0.601463 -0.162706 -1.95411 0.881803 -2.4903 -1.30816 1.41107
-0.6101 -0.159163 -1.95799 0.887507 -2.49694 -1.31368 1.42381
-0.618795 -0.155596 -1.96189 0.893251 -2.50363 -1.31924 1.43665
-0.62753 -0.152013 -1.96581 0.89902 -2.51035 -1.32483 1.44954
-0.636284 -0.148423 -1.96974 0.904802 -2.51708 -1.33043 1.46246
-0.645038 -0.144832 -1.97367 0.910583 -2.52381 -1.33603 1.47538
-0.653772 -0.141249 -1.97759 0.916352 -2.53053 -1.34162 1.48827
-0.662468 -0.137682 -1.98149 0.922096 -2.53722 -1.34718 1.50111
-0.671105 -0.134139 -1.98536 0.9278 -2.54386 -1.3527 1.51385
-0.679665 -0.130629 -1.9892 0.933454 -2.55044 -1.35818 1.52649
-0.688127 -0.127158 -1.993 0.939043 -2.55695 -1.36359 1.53898
-0.696472 -0.123734 -1.99675 0.944555 -2.56337 -1.36893 1.55129
-0.704681 -0.120367 -2.00043 0.949977 -2.56968 -1.37418 1.56341
-0.712734 -0.117064 -2.00404 0.955296 -2.57588 -1.37933 1.5753
-0.720613 -0.113832 -2.00758 0.960499 -2.58194 -1.38437 1.58692
-0.728296 -0.11068 -2.01103 0.965574 -2.58784 -1.38929 1.59826
-0.735766 -0.107617 -2.01438 0.970508 -2.59359 -1.39407 1.60929
-0.743002 -0.104648 -2.01762 0.975287 -2.59915 -1.39869 1.61997
-0.749985 -0.101784 -2.02076 0.979899 -2.60452 -1.40316 1.63028
-0.756696 -0.0990315 -2.02377 0.984332 -2.60969 -1.40745 1.64018
-0.763114 -0.0963986 -2.02665 0.988571 -2.61462 -1.41156 1.64965
-0.769222 -0.0938934 -2.02939 0.992605 -2.61932 -1.41547 1.65867
-0.774998 -0.091524 -2.03198 0.99642 -2.62376 -1.41916 1.66719
-0.780425 -0.0892982 -2.03442 1 -2.62793 -1.42263 1.6752
-0.785481 -0.0872241 -2.03669 1.00334 -2.63182 -1.42587 1.68267
-0.790148 -0.0853097 -2.03878 1.00643 -2.63541 -1.42885 1.68955
-0.794407 -0.0835629 -2.04069 1.00924 -2.63869 -1.43158 1.69584
-0.798237 -0.0819916 -2.04241 1.01177 -2.64163 -1.43403 1.70149
-0.80162 -0.080604 -2.04393 1.014 -2.64424 -1.43619 1.70649
-0.804536 -0.079408 -2.04524 1.01593 -2.64648 -1.43806 1.71079
-0.806965 -0.0784115 -2.04633 1.01753 -2.64835 -1.43961 1.71437
-0.808889 -0.0776226 -2.04719 1.0188 -2.64983 -1.44084 1.71721
-0.810287 -0.0770492 -2.04782 1.01973 -2.6509 -1.44173 1.71928
-0.81114 -0.0766993 -2.0482 1.02029 -2.65156 -1.44228 1.72054
-0.811428 -0.0765809 -2.04833 1.02048 -2.65178 -1.44246 1.72096
-0.811319 -0.0762217 -2.04807 1.02077 -2.65165 -1.44205 1.72073
-0.810994 -0.07516 -2.04732 1.02164 -2.65128 -1.44081 1.72006
-0.810463 -0.0734197 -2.04609 1.02306 -2.65067 -1.43879 1.71897
-0.809732 -0.0710245 -2.0444 1.02501 -2.64984 -1.43601 1.71745
-0.808807 -0.0679983 -2.04225 1.02748 -2.64878 -1.43249 1.71554
-0.807698 -0.0643648 -2.03968 1.03044 -2.64751 -1.42826 1.71325
-0.80641 -0.0601479 -2.03669 1.03388 -2.64604 -1.42336 1.71058
-0.804951 -0.0553714 -2.03331 1.03777 -2.64437 -1.41781 1.70757
-0.803329 -0.0500591 -2.02955 1.0421 -2.64251 -1.41163 1.70421
-0.801551 -0.0442348 -2.02543 1.04685 -2.64048 -1.40486 1.70054
-0.799623 -0.0379224 -2.02096 1.05199 -2.63827 -1.39753 1.69655
-0.797553 -0.0311456 -2.01616 1.05752 -2.6359 -1.38965 1.69227
-0.795349 -0.0239282 -2.01105 1.0634 -2.63338 -1.38126 1.68771
-0.793018 -0.0162942 -2.00565 1.06962 -2.63072 -1.37238 1.68289
-0.790567 -0.00826719 -1.99996 1.07617 -2.62791 -1.36305 1.67782
-0.788003 0.000128891 -1.99402 1.08301 -2.62498 -1.35329 1.67252
-0.785333 0.00887027 -1.98783 1.09013 -2.62192 -1.34313 1.667
-0.782566 0.0179331 -1.98141 1.09752 -2.61876 -1.3326 1.66128
-0.779707 0.0272936 -1.97478 1.10515 -2.61549 -1.32172 1.65537
-0.776765 0.036928 -1.96796 1.113 -2.61212 -1.31052 1.64929
-0.773747 0.0468124 -1.96096 1.12106 -2.60867 -1.29903 1.64304
-0.770659 0.056923 -1.95381 1.1293 -2.60514 -1.28727 1.63666
-0.76751 0.0672361 -1.9465 1.13771 -2.60153 -1.27528 1.63015
-0.764306 0.0777277 -1.93908 1.14626 -2.59787 -1.26309 1.62352
-0.761054 0.0883741 -1.93154 1.15494 -2.59415 -1.25071 1.6168
-0.757763 0.0991515 -1.92391 1.16372 -2.59038 -1.23818 1.61
-0.754439 0.110036 -1.9162 1.1726 -2.58658 -1.22553 1.60312
-0.75109 0.121004 -1.90844 1.18154 -2.58275 -1.21278 1.5962
-0.747722 0.132031 -1.90063 1.19053 -2.57889 -1.19996 1.58923
-0.744344 0.143095 -1.8928 1.19954 -2.57503 -1.1871 1.58225
-0.740962 0.15417 -1.88495 1.20857 -2.57116 -1.17423 1.57525
-0.737583 0.165233 -1.87712 1.21759 -2.56729 -1.16137 1.56827
-0.734216 0.17626 -1.86931 1.22658 -2.56344 -1.14855 1.5613
-0.730866 0.187228 -1.86155 1.23552 -2.55961 -1.1358 1.55438
-0.727542 0.198113 -1.85384 1.24439 -2.55581 -1.12315 1.54751
-0.724251 0.20889 -1.84621 1.25317 -2.55204 -1.11062 1.5407
-0.721 0.219536 -1.83867 1.26185 -2.54832 -1.09824 1.53398
-0.717796 0.230028 -1.83124 1.2704 -2.54466 -1.08605 1.52735
-0.714647 0.240341 -1.82394 1.27881 -2.54105 -1.07406 1.52084
-0.711559 0.250452 -1.81678 1.28705 -2.53752 -1.0623 1.51446
-0.708541 0.260336 -1.80979 1.29511 -2.53407 -1.05081 1.50822
-0.705599 0.26997 -1.80296 1.30296 -2.5307 -1.03962 1.50213
-0.70274 0.279331 -1.79634 1.31059 -2.52743 -1.02873 1.49622
-0.699972 0.288394 -1.78992 1.31798 -2.52427 -1.0182 1.4905
-0.697303 0.297135 -1.78373 1.3251 -2.52121 -1.00804 1.48498
-0.694739 0.305531 -1.77779 1.33195 -2.51828 -0.998277 1.47968
-0.692288 0.313558 -1.7721 1.33849 -2.51547 -0.988947 1.47461
-0.689956 0.321192 -1.7667 1.34471 -2.51281 -0.980072 1.46979
-0.687752 0.32841 -1.76159 1.3506 -2.51028 -0.971682 1.46523
-0.685683 0.335186 -1.75679 1.35612 -2.50792 -0.963805 1.46095
-0.683755 0.341499 -1.75232 1.36127 -2.50571 -0.956467 1.45696
-0.681977 0.347323 -1.7482 1.36601 -2.50368 -0.949696 1.45329
-0.680354 0.352635 -1.74444 1.37034 -2.50182 -0.943521 1.44993
-0.678896 0.357412 -1.74105 1.37424 -2.50015 -0.937969 1.44692
-0.677608 0.361629 -1.73807 1.37767 -2.49868 -0.933067 1.44425
-0.676498 0.365262 -1.7355 1.38064 -2.49741 -0.928843 1.44196
-0.675574 0.368289 -1.73335 1.3831 -2.49635 -0.925325 1.44005
-0.674843 0.370684 -1.73166 1.38506 -2.49552 -0.922541 1.43854
-0.674311 0.372424 -1.73043 1.38647 -2.49491 -0.920518 1.43744
-0.673987 0.373486 -1.72967 1.38734 -2.49454 -0.919284 1.43677
-0.673877 0.373845 -1.72942 1.38763 -2.49441 -0.918866 1.43654
-0.673768 0.374204 -1.72917 1.38793 -2.49429 -0.918449 1.43631
-0.673443 0.375266 -1.72841 1.38879 -2.49391 -0.917214 1.43564
-0.672912 0.377006 -1.72718 1.39021 -2.49331 -0.915191 1.43454
-0.672181 0.379401 -1.72549 1.39216 -2.49247 -0.912407 1.43303
-0.671256 0.382428 -1.72334 1.39463 -2.49141 -0.908889 1.43112
-0.670147 0.386061 -1.72077 1.39759 -2.49014 -0.904665 1.42883
-0.668859 0.390278 -1.71779 1.40103 -2.48867 -0.899763 1.42616
-0.6674 0.395054 -1.7144 1.40492 -2.487 -0.894211 1.42315
-0.665778 0.400367 -1.71064 1.40925 -2.48514 -0.888036 1.41979
-0.663999 0.406191 -1.70652 1.414 -2.48311 -0.881265 1.41611
-0.662072 0.412503 -1.70205 1.41914 -2.4809 -0.873927 1.41213
-0.660002 0.41928 -1.69725 1.42467 -2.47854 -0.86605 1.40785
-0.657798 0.426498 -1.69214 1.43055 -2.47602 -0.85766 1.40329
-0.655467 0.434132 -1.68674 1.43677 -2.47335 -0.848786 1.39847
-0.653016 0.442159 -1.68105 1.44332 -2.47054 -0.839455 1.3934
-0.650452 0.450555 -1.67511 1.45016 -2.46761 -0.829695 1.3881
-0.647782 0.459296 -1.66892 1.45729 -2.46456 -0.819533 1.38258
-0.645015 0.468359 -1.6625 1.46467 -2.46139 -0.808998 1.37686
-0.642156 0.47772 -1.65588 1.4723 -2.45812 -0.798117 1.37095
-0.639214 0.487354 -1.64905 1.48016 -2.45475 -0.786917 1.36486
-0.636196 0.497238 -1.64206 1.48821 -2.4513 -0.775427 1.35862
-0.633108 0.507349 -1.6349 1.49645 -2.44777 -0.763674 1.35224
-0.629959 0.517662 -1.6276 1.50486 -2.44416 -0.751686 1.34573
-0.626755 0.528154 -1.62017 1.51341 -2.4405 -0.73949 1.3391
-0.623503 0.5388 -1.61263 1.52209 -2.43678 -0.727114 1.33238
-0.620212 0.549577 -1.605 1.53088 -2.43301 -0.714585 1.32557
-0.616888 0.560462 -1.59729 1.53975 -2.42921 -0.701933 1.3187
-0.613539 0.57143 -1.58953 1.54869 -2.42538 -0.689183 1.31177
-0.610171 0.582457 -1.58172 1.55768 -2.42153 -0.676364 1.30481
-0.606793 0.59352 -1.57389 1.56669 -2.41766 -0.663504 1.29783
-0.603411 0.604595 -1.56604 1.57572 -2.41379 -0.65063 1.29083
-0.600032 0.615659 -1.55821 1.58474 -2.40993 -0.637769 1.28385
-0.596665 0.626686 -1.5504 1.59373 -2.40607 -0.62495 1.27688
-0.593315 0.637654 -1.54264 1.60267 -2.40224 -0.612201 1.26996
-0.589991 0.648538 -1.53493 1.61154 -2.39844 -0.599548 1.26308
-0.5867 0.659316 -1.5273 1.62033 -2.39467 -0.58702 1.25628
-0.583449 0.669962 -1.51976 1.629 -2.39095 -0.574644 1.24956
-0.580245 0.680454 -1.51234 1.63756 -2.38729 -0.562448 1.24293
-0.577096 0.690767 -1.50503 1.64596 -2.38369 -0.550459 1.23642
-0.574008 0.700878 -1.49788 1.6542 -2.38015 -0.538706 1.23003
-0.57099 0.710762 -1.49088 1.66226 -2.3767 -0.527216 1.22379
-0.568048 0.720396 -1.48406 1.67011 -2.37333 -0.516016 1.21771
-0.565189 0.729757 -1.47743 1.67774 -2.37006 -0.505135 1.2118
-0.562421 0.73882 -1.47101 1.68513 -2.3669 -0.4946 1.20608
-0.559752 0.747561 -1.46482 1.69226 -2.36384 -0.484439 1.20056
-0.557188 0.755957 -1.45888 1.6991 -2.36091 -0.474679 1.19525
-0.554737 0.763984 -1.45319 1.70564 -2.35811 -0.465348 1.19019
-0.552405 0.771618 -1.44779 1.71187 -2.35544 -0.456473 1.18537
-0.550201 0.778836 -1.44268 1.71775 -2.35292 -0.448084 1.18081
-0.548132 0.785612 -1.43788 1.72327 -2.35055 -0.440206 1.17653
-0.546204 0.791925 -1.43341 1.72842 -2.34834 -0.432868 1.17254
-0.544426 0.797749 -1.42929 1.73316 -2.34631 -0.426098 1.16887
-0.542803 0.803061 -1.42553 1.7375 -2.34445 -0.419922 1.16551
-0.541345 0.807838 -1.42215 1.74139 -2.34278 -0.41437 1.16249
-0.540057 0.812055 -1.41916 1.74483 -2.34131 -0.409468 1.15983
-0.538947 0.815688 -1.41659 1.74779 -2.34004 -0.405244 1.15754
-0.538023 0.818714 -1.41444 1.75025 -2.33898 -0.401726 1.15563
-0.537292 0.82111 -1.41275 1.75221 -2.33815 -0.398942 1.15411
-0.53676 0.82285 -1.41152 1.75363 -2.33754 -0.396919 1.15302
-0.536436 0.823912 -1.41077 1.75449 -2.33717 -0.395685 1.15235
-0.536326 0.824271 -1.41051 1.75478 -2.33704 -0.395267 1.15212
-0.536039 0.824466 -1.41026 1.75488 -2.33669 -0.39485 1.15187
-0.535191 0.825044 -1.40952 1.75515 -2.33566 -0.393616 1.15114
-0.5338 0.825991 -1.40831 1.75559 -2.33396 -0.391593 1.14994
-0.531886 0.827294 -1.40665 1.75621 -2.33163 -0.388808 1.1483
-0.529468 0.82894 -1.40455 1.75698 -2.32868 -0.38529 1.14622
-0.526564 0.830917 -1.40202 1.75791 -2.32514 -0.381067 1.14372
-0.523195 0.833212 -1.39909 1.75899 -2.32103 -0.376165 1.14082
-0.519378 0.83581 -1.39577 1.76021 -2.31637 -0.370612 1.13753
-0.515133 0.838701 -1.39208 1.76157 -2.3112 -0.364437 1.13388
-0.510478 0.84187 -1.38804 1.76306 -2.30552 -0.357667 1.12987
-0.505434 0.845304 -1.38365 1.76468 -2.29937 -0.350329 1.12553
-0.500019 0.848991 -1.37894 1.76641 -2.29277 -0.342451 1.12087
-0.494251 0.852918 -1.37393 1.76826 -2.28573 -0.334061 1.11591
-0.488151 0.857071 -1.36862 1.77021 -2.27829 -0.325187 1.11066
-0.481736 0.861439 -1.36305 1.77226 -2.27047 -0.315856 1.10514
-0.475027 0.866007 -1.35721 1.77441 -2.26229 -0.306096 1.09936
-0.468042 0.870763 -1.35114 1.77665 -2.25377 -0.295934 1.09335
-0.460799 0.875694 -1.34484 1.77897 -2.24494 -0.285399 1.08712
-0.453319 0.880786 -1.33834 1.78136 -2.23581 -0.274518 1.08068
-0.44562 0.886028 -1.33164 1.78383 -2.22643 -0.263319 1.07406
-0.437722 0.891406 -1.32477 1.78636 -2.21679 -0.251828 1.06726
-0.429642 0.896907 -1.31775 1.78894 -2.20694 -0.240075 1.06031
-0.421401 0.902518 -1.31058 1.79158 -2.19689 -0.228087 1.05321
-0.413017 0.908226 -1.30329 1.79427 -2.18667 -0.215891 1.046
-0.404509 0.914019 -1.2959 1.79699 -2.17629 -0.203515 1.03868
-0.395897 0.919883 -1.28841 1.79975 -2.16579 -0.190987 1.03127
-0.387199 0.925805 -1.28085 1.80253 -2.15518 -0.178334 1.02378
-0.378434 0.931772 -1.27322 1.80534 -2.14449 -0.165584 1.01624
-0.369622 0.937772 -1.26556 1.80816 -2.13374 -0.152765 1.00865
-0.360782 0.943791 -1.25788 1.81099 -2.12296 -0.139905 1.00105
-0.351932 0.949817 -1.25018 1.81383 -2.11217 -0.127031 0.993429
-0.343091 0.955836 -1.24249 1.81666 -2.10139 -0.11417 0.985821
-0.334279 0.961835 -1.23483 1.81948 -2.09064 -0.101352 0.978237
-0.325514 0.967803 -1.22721 1.82229 -2.07995 -0.0886019 0.970694
-0.316816 0.973725 -1.21965 1.82507 -2.06935 -0.0759491 0.963209
-0.308204 0.979589 -1.21216 1.82783 -2.05884 -0.0634209 0.955797
-0.299696 0.985381 -1.20476 1.83055 -2.04847 -0.0510449 0.948476
-0.291312 0.991089 -1.19747 1.83324 -2.03824 -0.0388489 0.94126
-0.283071 0.9967 -1.19031 1.83588 -2.02819 -0.0268605 0.934168
-0.274992 1.0022 -1.18328 1.83846 -2.01834 -0.0151074 0.927215
-0.267093 1.00758 -1.17641 1.84099 -2.00871 -0.00361721 0.920417
-0.259394 1.01282 -1.16972 1.84346 -1.99932 0.00758228 0.913792
-0.251914 1.01791 -1.16322 1.84585 -1.9902 0.0184634 0.907354
-0.244672 1.02284 -1.15692 1.84817 -1.98137 0.0289986 0.901122
-0.237686 1.0276 -1.15084 1.85041 -1.97285 0.03916 0.89511
-0.230977 1.03217 -1.14501 1.85256 -1.96466 0.0489201 0.889336
-0.224563 1.03654 -1.13943 1.85461 -1.95684 0.058251 0.883816
-0.218462 1.04069 -1.13413 1.85656 -1.9494 0.0671253 0.878566
-0.212695 1.04462 -1.12911 1.85841 -1.94237 0.0755151 0.873602
-0.207279 1.0483 -1.12441 1.86014 -1.93576 0.0833928 0.868942
-0.202235 1.05174 -1.12002 1.86176 -1.92961 0.0907307 0.864601
-0.197581 1.05491 -1.11597 1.86325 -1.92394 0.0975012 0.860595
-0.193336 1.0578 -1.11228 1.86461 -1.91876 0.103676 0.856942
-0.189519 1.0604 -1.10896 1.86583 -1.91411 0.109229 0.853657
-0.186149 1.06269 -1.10603 1.86691 -1.91 0.114131 0.850757
-0.183245 1.06467 -1.10351 1.86784 -1.90646 0.118355 0.848258
-0.180827 1.06631 -1.10141 1.86862 -1.90351 0.121872 0.846177
-0.178913 1.06762 -1.09974 1.86923 -1.90117 0.124657 0.84453
-0.177522 1.06856 -1.09853 1.86967 -1.89948 0.12668 0.843333
-0.176674 1.06914 -1.09779 1.86994 -1.89844 0.127914 0.842603
-0.176387 1.06934 -1.09754 1.87004 -1.89809 0.128331 0.842356
-0.17561 1.06987 -1.09687 1.87029 -1.89714 0.129461 0.841688
-0.173378 1.07139 -1.09493 1.871 -1.89442 0.132709 0.839766
-0.169835 1.0738 -1.09185 1.87213 -1.8901 0.137863 0.836717
-0.165127 1.077 -1.08775 1.87364 -1.88436 0.144711 0.832666
-0.1594 1.0809 -1.08277 1.87548 -1.87738 0.153042 0.827737
-0.1528 1.0854 -1.07704 1.87759 -1.86933 0.162644 0.822057
-0.145471 1.09039 -1.07066 1.87994 -1.86039 0.173304 0.81575
-0.13756 1.09577 -1.06379 1.88247 -1.85074 0.184812 0.808942
-0.129212 1.10146 -1.05653 1.88514 -1.84056 0.196956 0.801758
-0.120573 1.10734 -1.04902 1.88791 -1.83003 0.209523 0.794323
-0.111789 1.11332 -1.04138 1.89072 -1.81931 0.222301 0.786763
-0.103004 1.1193 -1.03374 1.89353 -1.8086 0.23508 0.779203
-0.0943653 1.12518 -1.02623 1.8963 -1.79806 0.247647 0.771769
-0.0860175 1.13086 -1.01897 1.89897 -1.78788 0.259791 0.764585
-0.0781066 1.13625 -1.01209 1.90151 -1.77824 0.271298 0.757776
-0.070778 1.14124 -1.00572 1.90385 -1.7693 0.281959 0.751469
-0.0641775 1.14573 -0.999979 1.90597 -1.76125 0.291561 0.745789
-0.0584505 1.14963 -0.995 1.9078 -1.75427 0.299892 0.74086
-0.0537428 1.15284 -0.990906 1.90931 -1.74852 0.30674 0.736809
-0.0501998 1.15525 -0.987826 1.91044 -1.7442 0.311894 0.73376
-0.0479673 1.15677 -0.985884 1.91116 -1.74148 0.315142 0.731839
-0.0471907 1.1573 -0.985209 1.91141 -1.74053 0.316271 0.73117
-0.0468515 1.1574 -0.984988 1.91139 -1.74012 0.316645 0.73094
-0.0458488 1.15769 -0.984334 1.91136 -1.73888 0.317751 0.730258
-0.0442051 1.15817 -0.983261 1.91131 -1.73686 0.319563 0.729141
-0.041943 1.15883 -0.981785 1.91124 -1.73408 0.322056 0.727603
-0.0390848 1.15967 -0.979921 1.91115 -1.73056 0.325207 0.72566
-0.0356532 1.16067 -0.977682 1.91104 -1.72633 0.32899 0.723328
-0.0316705 1.16184 -0.975083 1.91091 -1.72143 0.33338 0.72062
-0.0271593 1.16316 -0.97214 1.91077 -1.71588 0.338353 0.717554
-0.0221421 1.16462 -0.968867 1.91061 -1.7097 0.343884 0.714143
-0.0166413 1.16623 -0.965278 1.91044 -1.70293 0.349948 0.710404
-0.0106795 1.16797 -0.961388 1.91025 -1.6956 0.35652 0.706352
-0.00427912 1.16984 -0.957212 1.91005 -1.68772 0.363575 0.702001
0.00253733 1.17184 -0.952765 1.90983 -1.67933 0.371089 0.697367
0.00974737 1.17394 -0.948061 1.9096 -1.67045 0.379038 0.692466
0.0173285 1.17616 -0.943115 1.90936 -1.66112 0.387395 0.687313
0.0252582 1.17848 -0.937941 1.90911 -1.65136 0.396136 0.681923
0.0335141 1.18089 -0.932555 1.90885 -1.6412 0.405237 0.676311
0.0420735 1.18339 -0.926971 1.90858 -1.63067 0.414673 0.670492
0.0509141 1.18598 -0.921203 1.9083 -1.61979 0.424418 0.664483
0.0600133 1.18863 -0.915266 1.90801 -1.60859 0.434449 0.658298
0.0693487 1.19136 -0.909175 1.90771 -1.5971 0.44474 0.651952
0.0788977 1.19415 -0.902945 1.90741 -1.58534 0.455266 0.645461
0.0886379 1.197 -0.89659 1.9071 -1.57335 0.466003 0.63884
0.0985468 1.1999 -0.890126 1.90679 -1.56116 0.476926 0.632104
0.108602 1.20284 -0.883565 1.90647 -1.54878 0.488011 0.625269
0.118781 1.20581 -0.876924 1.90615 -1.53625 0.499231 0.61835
0.129061 1.20882 -0.870217 1.90582 -1.5236 0.510563 0.611362
0.139419 1.21184 -0.863459 1.90549 -1.51085 0.521982 0.604321
0.149834 1.21489 -0.856664 1.90516 -1.49803 0.533463 0.597241
0.160283 1.21794 -0.849847 1.90483 -1.48517 0.544982 0.590139
0.170743 1.221 -0.843023 1.9045 -1.4723 0.556512 0.583029
0.181191 1.22405 -0.836206 1.90417 -1.45944 0.56803 0.575926
0.191606 1.2271 -0.829411 1.90384 -1.44662 0.579511 0.568847
0.201965 1.23013 -0.822652 1.90351 -1.43387 0.59093 0.561805
0.212245 1.23313 -0.815945 1.90318 -1.42122 0.602262 0.554817
0.222424 1.23611 -0.809305 1.90286 -1.40869 0.613483 0.547898
0.232479 1.23905 -0.802744 1.90254 -1.39631 0.624567 0.541063
0.242388 1.24194 -0.796279 1.90223 -1.38412 0.635491 0.534328
0.252128 1.24479 -0.789925 1.90192 -1.37213 0.646228 0.527707
0.261677 1.24758 -0.783695 1.90162 -1.36037 0.656754 0.521216
0.271012 1.25031 -0.777604 1.90132 -1.34888 0.667045 0.51487
0.280112 1.25297 -0.771667 1.90103 -1.33768 0.677076 0.508685
0.288952 1.25555 -0.765899 1.90075 -1.3268 0.686821 0.502675
0.297512 1.25805 -0.760315 1.90048 -1.31627 0.696257 0.496857
0.305767 1.26047 -0.754929 1.90022 -1.30611 0.705358 0.491245
0.313697 1.26278 -0.749755 1.89997 -1.29635 0.714099 0.485855
0.321278 1.265 -0.744809 1.89973 -1.28702 0.722456 0.480701
0.328488 1.26711 -0.740105 1.8995 -1.27814 0.730404 0.4758
0.335305 1.2691 -0.735657 1.89928 -1.26975 0.737918 0.471167
0.341705 1.27097 -0.731482 1.89908 -1.26187 0.744974 0.466816
0.347667 1.27271 -0.727592 1.89889 -1.25454 0.751546 0.462763
0.353168 1.27432 -0.724003 1.89872 -1.24777 0.75761 0.459024
0.358185 1.27579 -0.72073 1.89856 -1.24159 0.763141 0.455614
0.362696 1.27711 -0.717787 1.89842 -1.23604 0.768114 0.452547
0.366679 1.27827 -0.715188 1.89829 -1.23114 0.772504 0.44984
0.37011 1.27927 -0.712949 1.89818 -1.22691 0.776287 0.447507
0.372969 1.28011 -0.711084 1.89809 -1.22339 0.779438 0.445565
0.375231 1.28077 -0.709609 1.89802 -1.22061 0.781931 0.444027
0.376874 1.28125 -0.708536 1.89797 -1.21859 0.783743 0.442909
0.377877 1.28154 -0.707882 1.89793 -1.21735 0.784848 0.442228
0.378216 1.28164 -0.707661 1.89792 -1.21694 0.785222 0.441997
0.378539 1.28168 -0.707486 1.89786 -1.21652 0.785523 0.441846
0.379495 1.2818 -0.706972 1.89768 -1.21528 0.78641 0.441397
0.38106 1.282 -0.706128 1.89739 -1.21326 0.787864 0.440663
0.383215 1.28227 -0.704966 1.89698 -1.21048 0.789865 0.439651
0.385937 1.28261 -0.703499 1.89647 -1.20696 0.792394 0.438374
0.389206 1.28302 -0.701737 1.89585 -1.20274 0.79543 0.43684
0.393 1.2835 -0.699692 1.89513 -1.19783 0.798954 0.435059
0.397297 1.28404 -0.697375 1.89432 -1.19228 0.802945 0.433042
0.402076 1.28464 -0.694799 1.89342 -1.18611 0.807384 0.4308
0.407316 1.2853 -0.691975 1.89243 -1.17933 0.812251 0.428341
0.412994 1.28601 -0.688914 1.89135 -1.172 0.817526 0.425675
0.419091 1.28678 -0.685628 1.8902 -1.16412 0.823189 0.422814
0.425584 1.2876 -0.682128 1.88898 -1.15573 0.82922 0.419767
0.432451 1.28846 -0.678426 1.88768 -1.14686 0.835599 0.416544
0.439673 1.28937 -0.674533 1.88631 -1.13752 0.842306 0.413155
0.447226 1.29032 -0.670462 1.88489 -1.12776 0.849322 0.40961
0.45509 1.2913 -0.666223 1.8834 -1.1176 0.856627 0.405919
0.463243 1.29233 -0.661828 1.88186 -1.10707 0.8642 0.402093
0.471664 1.29339 -0.657289 1.88027 -1.09619 0.872021 0.398141
0.480331 1.29448 -0.652617 1.87863 -1.08499 0.880072 0.394073
0.489223 1.29559 -0.647823 1.87695 -1.0735 0.888331 0.3899
0.498319 1.29674 -0.64292 1.87523 -1.06174 0.89678 0.385631
0.507597 1.2979 -0.637919 1.87348 -1.04976 0.905398 0.381277
0.517035 1.29909 -0.632831 1.8717 -1.03756 0.914165 0.376847
0.526613 1.30029 -0.627669 1.86989 -1.02518 0.923061 0.372352
0.536309 1.30151 -0.622442 1.86806 -1.01266 0.932067 0.367802
0.546101 1.30274 -0.617164 1.86621 -1 0.941162 0.363206
0.555968 1.30398 -0.611845 1.86434 -0.987253 0.950327 0.358575
0.565888 1.30523 -0.606498 1.86247 -0.974434 0.959542 0.353919
0.575841 1.30648 -0.601133 1.86059 -0.961573 0.968786 0.349248
0.585804 1.30773 -0.595762 1.85871 -0.948699 0.978041 0.344572
0.595757 1.30898 -0.590397 1.85683 -0.935839 0.987285 0.339901
0.605677 1.31023 -0.58505 1.85495 -0.92302 0.9965 0.335246
0.615544 1.31147 -0.579731 1.85309 -0.91027 1.00566 0.330615
0.625336 1.3127 -0.574453 1.85124 -0.897617 1.01476 0.326019
0.635031 1.31392 -0.569227 1.84941 -0.885089 1.02377 0.321469
0.644609 1.31512 -0.564064 1.8476 -0.872713 1.03266 0.316974
0.654048 1.31631 -0.558976 1.84581 -0.860517 1.04143 0.312544
0.663326 1.31747 -0.553975 1.84406 -0.848529 1.05005 0.30819
0.672421 1.31862 -0.549072 1.84234 -0.836776 1.0585 0.303921
0.681313 1.31973 -0.544279 1.84066 -0.825286 1.06675 0.299748
0.689981 1.32082 -0.539607 1.83902 -0.814086 1.07481 0.29568
0.698402 1.32188 -0.535067 1.83743 -0.803205 1.08263 0.291728
0.706555 1.32291 -0.530673 1.83589 -0.79267 1.0902 0.287902
0.714419 1.32389 -0.526434 1.83441 -0.782508 1.0975 0.284211
0.721972 1.32484 -0.522362 1.83298 -0.772748 1.10452 0.280666
0.729193 1.32575 -0.51847 1.83162 -0.763417 1.11123 0.277277
0.736061 1.32661 -0.514768 1.83032 -0.754543 1.11761 0.274054
0.742554 1.32743 -0.511268 1.82909 -0.746153 1.12364 0.271007
0.74865 1.3282 -0.507981 1.82794 -0.738276 1.1293 0.268146
0.754329 1.32891 -0.50492 1.82687 -0.730938 1.13458 0.26548
0.759569 1.32957 -0.502096 1.82588 -0.724167 1.13944 0.263021
0.764348 1.33017 -0.49952 1.82498 -0.717992 1.14388 0.260778
0.768645 1.33071 -0.497203 1.82416 -0.712439 1.14787 0.258762
0.772438 1.33119 -0.495159 1.82345 -0.707538 1.1514 0.256981
0.775707 1.3316 -0.493397 1.82283 -0.703314 1.15443 0.255447
0.77843 1.33194 -0.491929 1.82231 -0.699796 1.15696 0.254169
0.780584 1.33221 -0.490768 1.82191 -0.697012 1.15896 0.253158
0.78215 1.33241 -0.489924 1.82161 -0.694989 1.16042 0.252423
0.783105 1.33253 -0.489409 1.82143 -0.693754 1.1613 0.251975
0.783428 1.33257 -0.489235 1.82137 -0.693337 1.1616 0.251824
0.783751 1.33261 -0.48906 1.82131 -0.692919 1.1619 0.251672
0.784706 1.33273 -0.488546 1.82113 -0.691685 1.16279 0.251224
0.786272 1.33292 -0.487702 1.82083 -0.689662 1.16425 0.250489
0.788427 1.3332 -0.48654 1.82043 -0.686878 1.16625 0.249478
0.791149 1.33354 -0.485073 1.81991 -0.68336 1.16878 0.2482
0.794418 1.33395 -0.483311 1.81929 -0.679136 1.17181 0.246666
0.798212 1.33443 -0.481266 1.81858 -0.674234 1.17534 0.244885
0.802509 1.33497 -0.478949 1.81777 -0.668682 1.17933 0.242869
0.807288 1.33557 -0.476373 1.81686 -0.662507 1.18377 0.240626
0.812527 1.33622 -0.473549 1.81587 -0.655736 1.18863 0.238167
0.818206 1.33694 -0.470488 1.8148 -0.648398 1.19391 0.235502
0.824303 1.3377 -0.467202 1.81365 -0.640521 1.19957 0.23264
0.830796 1.33852 -0.463702 1.81242 -0.632131 1.2056 0.229593
0.837663 1.33938 -0.46 1.81112 -0.623256 1.21198 0.22637
0.844885 1.34029 -0.456107 1.80976 -0.613925 1.21869 0.222981
0.852438 1.34124 -0.452036 1.80833 -0.604165 1.2257 0.219436
0.860302 1.34223 -0.447797 1.80685 -0.594004 1.23301 0.215745
0.868455 1.34325 -0.443402 1.80531 -0.583469 1.24058 0.211919
0.876876 1.34431 -0.438862 1.80372 -0.572588 1.2484 0.207967
0.885543 1.3454 -0.43419 1.80208 -0.561388 1.25645 0.203899
0.894435 1.34652 -0.429397 1.8004 -0.549898 1.26471 0.199726
0.903531 1.34766 -0.424494 1.79868 -0.538145 1.27316 0.195457
0.912809 1.34883 -0.419493 1.79693 -0.526157 1.28178 0.191103
0.922247 1.35001 -0.414405 1.79514 -0.51396 1.29055 0.186673
0.931825 1.35122 -0.409243 1.79333 -0.501585 1.29944 0.182178
0.94152 1.35244 -0.404016 1.7915 -0.489056 1.30845 0.177628
0.951312 1.35367 -0.398738 1.78965 -0.476404 1.31754 0.173032
0.961179 1.35491 -0.393419 1.78779 -0.463654 1.32671 0.168401
0.9711 1.35615 -0.388072 1.78592 -0.450835 1.33592 0.163746
0.981052 1.3574 -0.382707 1.78403 -0.437975 1.34517 0.159075
0.991016 1.35866 -0.377336 1.78215 -0.4251 1.35442 0.154399
1.00097 1.35991 -0.371971 1.78027 -0.41224 1.36367 0.149728
1.01089 1.36115 -0.366624 1.7784 -0.399421 1.37288 0.145072
1.02076 1.36239 -0.361305 1.77653 -0.386671 1.38205 0.140441
1.03055 1.36362 -0.356027 1.77468 -0.374019 1.39114 0.135846
1.04024 1.36484 -0.3508 1.77285 -0.361491 1.40015 0.131295
1.04982 1.36605 -0.345638 1.77104 -0.349115 1.40904 0.1268
1.05926 1.36723 -0.34055 1.76926 -0.336919 1.41781 0.122371
1.06854 1.3684 -0.335549 1.76751 -0.32493 1.42643 0.118016
1.07763 1.36954 -0.330646 1.76579 -0.313177 1.43488 0.113747
1.08653 1.37066 -0.325853 1.76411 -0.301687 1.44314 0.109574
1.09519 1.37175 -0.321181 1.76247 -0.290487 1.45119 0.105507
1.10361 1.37281 -0.316641 1.76088 -0.279606 1.45901 0.101554
1.11177 1.37383 -0.312247 1.75934 -0.269071 1.46658 0.097728
1.11963 1.37482 -0.308008 1.75785 -0.25891 1.47389 0.0940373
1.12718 1.37577 -0.303936 1.75643 -0.24915 1.4809 0.0904924
1.1344 1.37668 -0.300043 1.75506 -0.239819 1.48761 0.0871033
1.14127 1.37754 -0.296341 1.75377 -0.230944 1.49399 0.0838802
1.14777 1.37835 -0.292842 1.75254 -0.222555 1.50002 0.0808329
1.15386 1.37912 -0.289555 1.75139 -0.214677 1.50568 0.0779717
1.15954 1.37983 -0.286494 1.75031 -0.207339 1.51096 0.0753066
1.16478 1.38049 -0.28367 1.74932 -0.200568 1.51582 0.0728475
1.16956 1.38109 -0.281094 1.74842 -0.194393 1.52026 0.0706046
1.17386 1.38163 -0.278777 1.74761 -0.188841 1.52425 0.0685879
1.17765 1.38211 -0.276732 1.74689 -0.183939 1.52778 0.0668075
1.18092 1.38252 -0.27497 1.74628 -0.179715 1.53081 0.0652734
1.18364 1.38286 -0.273503 1.74576 -0.176197 1.53334 0.0639957
1.1858 1.38313 -0.272341 1.74535 -0.173413 1.53534 0.0629844
1.18736 1.38333 -0.271497 1.74506 -0.17139 1.5368 0.0622497
1.18832 1.38345 -0.270983 1.74488 -0.170156 1.53769 0.0618014
1.18864 1.38349 -0.270808 1.74482 -0.169738 1.53799 0.0616498
1.18959 1.38361 -0.270295 1.74464 -0.168508 1.53887 0.0612028
1.19232 1.38395 -0.268826 1.74412 -0.164985 1.5414 0.0599236
1.19662 1.38449 -0.266507 1.74331 -0.159427 1.5454 0.0579045
1.2023 1.38521 -0.263444 1.74224 -0.152085 1.55068 0.0552382
1.20917 1.38607 -0.259745 1.74094 -0.143217 1.55705 0.052017
1.21701 1.38706 -0.255514 1.73946 -0.133075 1.56434 0.0483334
1.22565 1.38814 -0.250858 1.73782 -0.121914 1.57236 0.0442799
1.23488 1.3893 -0.245884 1.73608 -0.10999 1.58093 0.039949
1.2445 1.39051 -0.240697 1.73426 -0.097557 1.58987 0.0354332
1.25432 1.39175 -0.235404 1.73241 -0.0848691 1.59899 0.0308249
1.26414 1.39298 -0.230111 1.73055 -0.0721811 1.60811 0.0262166
1.27376 1.39419 -0.224925 1.72874 -0.0597478 1.61705 0.0217007
1.28299 1.39535 -0.21995 1.72699 -0.0478237 1.62562 0.0173698
1.29163 1.39643 -0.215295 1.72536 -0.0366634 1.63364 0.0133163
1.29948 1.39742 -0.211064 1.72388 -0.0265216 1.64094 0.00963278
1.30634 1.39828 -0.207364 1.72258 -0.0176528 1.64731 0.00641158
1.31202 1.399 -0.204302 1.72151 -0.0103116 1.65259 0.00374522
1.31632 1.39954 -0.201983 1.72069 -0.00475267 1.65658 0.00172619
1.31905 1.39988 -0.200513 1.72018 -0.0012306 1.65912 0.000446961
1.32 1.4 -0.2 1.72 0 1.66 0
