1.32 1.39989 -0.200418 1.72 -0.000169182 1.65993 -0.000353494
1.31998 1.39955 -0.201652 1.71999 -0.000669249 1.65973 -0.00139835
1.31996 1.39901 -0.203675 1.71999 -0.00148899 1.65941 -0.00311114
1.31992 1.39826 -0.206459 1.71998 -0.00261718 1.65896 -0.00546841
1.31988 1.39731 -0.209977 1.71997 -0.0040426 1.65839 -0.00844675
1.31983 1.39617 -0.214201 1.71995 -0.00575405 1.65771 -0.0120227
1.31978 1.39485 -0.219103 1.71994 -0.0077403 1.65692 -0.0161728
1.31971 1.39335 -0.224655 1.71992 -0.00999013 1.65602 -0.0208737
1.31964 1.39168 -0.23083 1.7199 -0.0124923 1.65503 -0.0261019
1.31956 1.38986 -0.237601 1.71988 -0.0152357 1.65393 -0.031834
1.31947 1.38788 -0.244939 1.71986 -0.018209 1.65275 -0.0380465
1.31938 1.38575 -0.252816 1.71983 -0.021401 1.65148 -0.044716
1.31928 1.38349 -0.261206 1.7198 -0.0248005 1.65013 -0.0518191
1.31918 1.38109 -0.27008 1.71978 -0.0283964 1.64869 -0.0593323
1.31907 1.37858 -0.279411 1.71975 -0.0321772 1.64719 -0.0672322
1.31895 1.37594 -0.289171 1.71971 -0.036132 1.64561 -0.0754954
1.31883 1.3732 -0.299333 1.71968 -0.0402494 1.64397 -0.0840983
1.31871 1.37036 -0.309868 1.71965 -0.0445182 1.64227 -0.0930177
1.31858 1.36742 -0.320749 1.71961 -0.0489272 1.64052 -0.10223
1.31845 1.3644 -0.331949 1.71958 -0.0534652 1.63871 -0.111712
1.31831 1.3613 -0.343439 1.71954 -0.0581209 1.63686 -0.12144
1.31817 1.35813 -0.355192 1.7195 -0.0628833 1.63496 -0.13139
1.31803 1.3549 -0.36718 1.71946 -0.0677409 1.63303 -0.14154
1.31789 1.35161 -0.379376 1.71943 -0.0726827 1.63106 -0.151866
1.31774 1.34827 -0.391752 1.71939 -0.0776974 1.62906 -0.162344
1.3176 1.34489 -0.404281 1.71935 -0.0827738 1.62704 -0.17295
1.31745 1.34148 -0.416933 1.71931 -0.0879007 1.625 -0.183663
1.3173 1.33804 -0.429683 1.71926 -0.0930668 1.62294 -0.194457
1.31715 1.33458 -0.442502 1.71922 -0.0982609 1.62088 -0.20531
1.31699 1.33111 -0.455362 1.71918 -0.103472 1.6188 -0.216198
1.31684 1.32764 -0.468237 1.71914 -0.108689 1.61673 -0.227097
1.31669 1.32417 -0.481097 1.7191 -0.113899 1.61465 -0.237985
1.31654 1.32071 -0.493916 1.71906 -0.119094 1.61258 -0.248838
1.31639 1.31727 -0.506665 1.71902 -0.12426 1.61053 -0.259632
1.31624 1.31385 -0.519318 1.71898 -0.129387 1.60848 -0.270345
1.31609 1.31047 -0.531846 1.71894 -0.134463 1.60646 -0.280951
1.31595 1.30714 -0.544222 1.7189 -0.139478 1.60447 -0.291429
1.31581 1.30385 -0.556418 1.71886 -0.14442 1.6025 -0.301755
1.31566 1.30061 -0.568407 1.71882 -0.149277 1.60056 -0.311905
1.31553 1.29744 -0.58016 1.71878 -0.15404 1.59867 -0.321855
1.31539 1.29434 -0.59165 1.71875 -0.158695 1.59681 -0.331583
1.31526 1.29132 -0.60285 1.71871 -0.163233 1.59501 -0.341065
1.31513 1.28838 -0.613731 1.71868 -0.167642 1.59325 -0.350277
1.31501 1.28554 -0.624266 1.71864 -0.171911 1.59155 -0.359197
1.31489 1.2828 -0.634427 1.71861 -0.176028 1.58991 -0.3678
1.31477 1.28017 -0.644187 1.71858 -0.179983 1.58834 -0.376063
1.31466 1.27765 -0.653518 1.71855 -0.183764 1.58683 -0.383963
1.31456 1.27526 -0.662393 1.71852 -0.18736 1.5854 -0.391476
1.31446 1.27299 -0.670782 1.71849 -0.190759 1.58405 -0.398579
1.31437 1.27087 -0.67866 1.71847 -0.193951 1.58278 -0.405248
1.31428 1.26889 -0.685998 1.71844 -0.196925 1.58159 -0.411461
1.3142 1.26706 -0.692768 1.71842 -0.199668 1.5805 -0.417193
1.31413 1.26539 -0.698944 1.7184 -0.20217 1.5795 -0.422421
1.31406 1.2639 -0.704496 1.71839 -0.20442 1.57861 -0.427122
1.314 1.26257 -0.709398 1.71837 -0.206406 1.57782 -0.431272
1.31395 1.26144 -0.713622 1.71836 -0.208118 1.57714 -0.434848
1.31391 1.26049 -0.71714 1.71834 -0.209543 1.57657 -0.437827
1.31388 1.25973 -0.719924 1.71834 -0.210671 1.57612 -0.440184
1.31386 1.25919 -0.721947 1.71833 -0.211491 1.57579 -0.441897
1.31384 1.25886 -0.723181 1.71833 -0.211991 1.57559 -0.442941
1.31384 1.25874 -0.723599 1.71832 -0.21216 1.57553 -0.443295
1.31357 1.25874 -0.723697 1.71831 -0.212142 1.57554 -0.443713
1.31278 1.25871 -0.723988 1.71827 -0.212089 1.57559 -0.444947
1.31149 1.25867 -0.724465 1.7182 -0.212 1.57567 -0.44697
1.30971 1.25862 -0.725122 1.71811 -0.211879 1.57577 -0.449754
1.30746 1.25855 -0.725951 1.71799 -0.211726 1.5759 -0.453272
1.30476 1.25847 -0.726947 1.71785 -0.211542 1.57606 -0.457496
1.30163 1.25837 -0.728103 1.71769 -0.211329 1.57625 -0.462398
1.29808 1.25826 -0.729412 1.71751 -0.211087 1.57646 -0.46795
1.29414 1.25814 -0.730868 1.7173 -0.210818 1.57669 -0.474125
1.28981 1.25801 -0.732464 1.71708 -0.210523 1.57694 -0.480896
1.28512 1.25787 -0.734194 1.71684 -0.210203 1.57722 -0.488234
1.28009 1.25772 -0.736051 1.71658 -0.20986 1.57752 -0.496111
1.27473 1.25755 -0.738029 1.7163 -0.209495 1.57783 -0.504501
1.26906 1.25738 -0.740121 1.71601 -0.209109 1.57817 -0.513375
1.2631 1.2572 -0.742321 1.7157 -0.208702 1.57852 -0.522706
1.25686 1.25701 -0.744622 1.71537 -0.208277 1.57889 -0.532466
1.25037 1.25681 -0.747018 1.71504 -0.207835 1.57927 -0.542628
1.24363 1.2566 -0.749502 1.71469 -0.207376 1.57967 -0.553163
1.23668 1.25639 -0.752067 1.71433 -0.206902 1.58008 -0.564044
1.22952 1.25617 -0.754708 1.71396 -0.206414 1.5805 -0.575244
1.22218 1.25595 -0.757417 1.71358 -0.205914 1.58093 -0.586734
1.21467 1.25572 -0.760188 1.71319 -0.205402 1.58138 -0.598487
1.20701 1.25549 -0.763014 1.71279 -0.20488 1.58183 -0.610475
1.19922 1.25525 -0.76589 1.71239 -0.204349 1.58229 -0.622671
1.19131 1.25501 -0.768808 1.71198 -0.20381 1.58276 -0.635047
1.18331 1.25477 -0.771761 1.71157 -0.203265 1.58323 -0.647576
1.17522 1.25452 -0.774744 1.71115 -0.202714 1.58371 -0.660228
1.16707 1.25427 -0.77775 1.71072 -0.202158 1.58419 -0.672978
1.15888 1.25402 -0.780773 1.7103 -0.2016 1.58467 -0.685797
1.15067 1.25377 -0.783805 1.70988 -0.20104 1.58515 -0.698657
1.14244 1.25352 -0.78684 1.70945 -0.200479 1.58564 -0.711531
1.13422 1.25327 -0.789872 1.70902 -0.199919 1.58612 -0.724392
1.12603 1.25302 -0.792894 1.7086 -0.199361 1.58661 -0.737211
1.11788 1.25277 -0.7959 1.70818 -0.198806 1.58709 -0.74996
1.1098 1.25253 -0.798883 1.70776 -0.198255 1.58757 -0.762613
1.10179 1.25228 -0.801837 1.70734 -0.197709 1.58804 -0.775141
1.09389 1.25204 -0.804755 1.70694 -0.19717 1.5885 -0.787517
1.08609 1.2518 -0.80763 1.70653 -0.196639 1.58896 -0.799713
1.07843 1.25157 -0.810457 1.70614 -0.196117 1.58942 -0.811702
1.07092 1.25134 -0.813228 1.70575 -0.195605 1.58986 -0.823455
1.06358 1.25112 -0.815937 1.70537 -0.195105 1.59029 -0.834945
1.05642 1.2509 -0.818577 1.705 -0.194617 1.59071 -0.846145
1.04947 1.25069 -0.821143 1.70464 -0.194143 1.59112 -0.857026
1.04274 1.25048 -0.823627 1.70429 -0.193685 1.59152 -0.867561
1.03625 1.25028 -0.826022 1.70395 -0.193242 1.59191 -0.877722
1.03001 1.25009 -0.828323 1.70363 -0.192817 1.59227 -0.887482
1.02405 1.24991 -0.830523 1.70332 -0.192411 1.59262 -0.896813
1.01838 1.24974 -0.832616 1.70303 -0.192024 1.59296 -0.905688
1.01302 1.24958 -0.834594 1.70275 -0.191659 1.59328 -0.914077
1.00798 1.24942 -0.836451 1.70249 -0.191316 1.59357 -0.921955
1.00329 1.24928 -0.838181 1.70224 -0.190996 1.59385 -0.929293
0.998968 1.24915 -0.839777 1.70202 -0.190702 1.5941 -0.936063
0.995022 1.24903 -0.841233 1.70182 -0.190433 1.59434 -0.942239
0.991474 1.24892 -0.842542 1.70163 -0.190191 1.59455 -0.947791
0.988342 1.24882 -0.843698 1.70147 -0.189977 1.59473 -0.952693
0.985643 1.24874 -0.844694 1.70133 -0.189793 1.59489 -0.956917
0.983395 1.24867 -0.845523 1.70121 -0.18964 1.59502 -0.960435
0.981616 1.24862 -0.84618 1.70112 -0.189519 1.59513 -0.963219
0.980323 1.24858 -0.846657 1.70106 -0.189431 1.5952 -0.965242
0.979535 1.24856 -0.846948 1.70101 -0.189377 1.59525 -0.966476
0.979268 1.24855 -0.847046 1.701 -0.189359 1.59527 -0.966894
0.979001 1.24854 -0.847144 1.70099 -0.189341 1.59528 -0.967311
0.978213 1.24852 -0.847435 1.70095 -0.189287 1.59533 -0.968545
0.97692 1.24848 -0.847912 1.70088 -0.189199 1.59541 -0.970568
0.975141 1.24842 -0.848569 1.70079 -0.189078 1.59551 -0.973353
0.972893 1.24835 -0.849398 1.70067 -0.188925 1.59564 -0.976871
0.970194 1.24827 -0.850394 1.70053 -0.188741 1.5958 -0.981094
0.967062 1.24818 -0.85155 1.70037 -0.188527 1.59599 -0.985996
0.963514 1.24807 -0.852859 1.70018 -0.188285 1.5962 -0.991549
0.959568 1.24795 -0.854315 1.69998 -0.188016 1.59643 -0.997724
0.955242 1.24782 -0.855911 1.69976 -0.187722 1.59668 -1.00449
0.950553 1.24767 -0.857641 1.69951 -0.187402 1.59696 -1.01183
0.945519 1.24752 -0.859498 1.69925 -0.187059 1.59726 -1.01971
0.940158 1.24736 -0.861476 1.69898 -0.186694 1.59757 -1.0281
0.934488 1.24718 -0.863569 1.69868 -0.186307 1.59791 -1.03697
0.928526 1.247 -0.865769 1.69837 -0.185901 1.59826 -1.04631
0.922289 1.24681 -0.86807 1.69805 -0.185476 1.59863 -1.05607
0.915796 1.24661 -0.870465 1.69771 -0.185033 1.59901 -1.06623
0.909064 1.24641 -0.872949 1.69737 -0.184575 1.59941 -1.07676
0.902112 1.2462 -0.875515 1.69701 -0.184101 1.59982 -1.08764
0.894955 1.24598 -0.878155 1.69663 -0.183613 1.60024 -1.09884
0.887613 1.24575 -0.880864 1.69625 -0.183113 1.60067 -1.11033
0.880103 1.24553 -0.883635 1.69587 -0.182601 1.60112 -1.12209
0.872443 1.24529 -0.886462 1.69547 -0.182079 1.60157 -1.13407
0.86465 1.24505 -0.889337 1.69507 -0.181548 1.60203 -1.14627
0.856742 1.24481 -0.892255 1.69466 -0.181009 1.6025 -1.15865
0.848737 1.24457 -0.895209 1.69424 -0.180463 1.60297 -1.17117
0.840652 1.24432 -0.898192 1.69382 -0.179912 1.60345 -1.18383
0.832505 1.24408 -0.901198 1.6934 -0.179357 1.60393 -1.19658
0.824314 1.24383 -0.90422 1.69298 -0.178799 1.60441 -1.2094
0.816096 1.24358 -0.907252 1.69255 -0.178239 1.60489 -1.22226
0.80787 1.24332 -0.910287 1.69213 -0.177678 1.60538 -1.23513
0.799652 1.24307 -0.913319 1.6917 -0.177118 1.60586 -1.24799
0.791461 1.24282 -0.916342 1.69128 -0.17656 1.60635 -1.26081
0.783315 1.24258 -0.919348 1.69085 -0.176004 1.60683 -1.27356
0.77523 1.24233 -0.922331 1.69044 -0.175453 1.60731 -1.28621
0.767225 1.24209 -0.925284 1.69002 -0.174908 1.60778 -1.29874
0.759317 1.24184 -0.928202 1.68961 -0.174369 1.60824 -1.31112
0.751523 1.24161 -0.931078 1.68921 -0.173838 1.6087 -1.32331
0.743863 1.24137 -0.933904 1.68881 -0.173316 1.60916 -1.3353
0.736353 1.24115 -0.936675 1.68842 -0.172804 1.6096 -1.34705
0.729011 1.24092 -0.939384 1.68804 -0.172304 1.61003 -1.35854
0.721855 1.2407 -0.942025 1.68767 -0.171816 1.61045 -1.36974
0.714902 1.24049 -0.94459 1.68731 -0.171342 1.61086 -1.38062
0.70817 1.24029 -0.947074 1.68696 -0.170883 1.61126 -1.39116
0.701677 1.24009 -0.94947 1.68663 -0.170441 1.61164 -1.40132
0.695441 1.2399 -0.951771 1.6863 -0.170016 1.61201 -1.41108
0.689479 1.23972 -0.953971 1.686 -0.169609 1.61236 -1.42041
0.683808 1.23954 -0.956063 1.6857 -0.169223 1.6127 -1.42929
0.678447 1.23938 -0.958041 1.68542 -0.168858 1.61302 -1.43768
0.673413 1.23923 -0.959898 1.68516 -0.168515 1.61331 -1.44555
0.668725 1.23908 -0.961628 1.68492 -0.168195 1.61359 -1.45289
0.664398 1.23895 -0.963225 1.6847 -0.1679 1.61384 -1.45966
0.660453 1.23883 -0.96468 1.68449 -0.167631 1.61408 -1.46584
0.656905 1.23872 -0.96599 1.68431 -0.167389 1.61429 -1.47139
0.653772 1.23863 -0.967145 1.68415 -0.167176 1.61447 -1.47629
0.651073 1.23855 -0.968141 1.68401 -0.166992 1.61463 -1.48052
0.648826 1.23848 -0.96897 1.68389 -0.166839 1.61476 -1.48403
0.647047 1.23842 -0.969627 1.6838 -0.166718 1.61487 -1.48682
0.645754 1.23838 -0.970104 1.68373 -0.166629 1.61494 -1.48884
0.644965 1.23836 -0.970395 1.68369 -0.166576 1.61499 -1.49008
0.644698 1.23835 -0.970493 1.68368 -0.166558 1.61501 -1.49049
0.644432 1.23834 -0.970592 1.68366 -0.166539 1.61502 -1.49091
0.643643 1.23832 -0.970883 1.68362 -0.166486 1.61507 -1.49214
0.64235 1.23828 -0.97136 1.68356 -0.166398 1.61515 -1.49417
0.640571 1.23823 -0.972016 1.68346 -0.166276 1.61525 -1.49695
0.638323 1.23816 -0.972846 1.68335 -0.166123 1.61538 -1.50047
0.635625 1.23808 -0.973841 1.68321 -0.165939 1.61554 -1.50469
0.632492 1.23798 -0.974997 1.68304 -0.165726 1.61573 -1.5096
0.628944 1.23787 -0.976306 1.68286 -0.165484 1.61594 -1.51515
0.624998 1.23775 -0.977762 1.68266 -0.165215 1.61617 -1.52132
0.620672 1.23762 -0.979358 1.68243 -0.16492 1.61642 -1.52809
0.615983 1.23748 -0.981088 1.68219 -0.164601 1.6167 -1.53543
0.61095 1.23732 -0.982946 1.68193 -0.164258 1.617 -1.54331
0.605589 1.23716 -0.984924 1.68165 -0.163892 1.61731 -1.5517
0.599918 1.23699 -0.987016 1.68136 -0.163506 1.61765 -1.56057
0.593956 1.23681 -0.989216 1.68105 -0.163099 1.618 -1.5699
0.58772 1.23662 -0.991517 1.68073 -0.162674 1.61837 -1.57966
0.581227 1.23642 -0.993913 1.68039 -0.162232 1.61875 -1.58983
0.574495 1.23621 -0.996397 1.68004 -0.161773 1.61915 -1.60036
0.567542 1.236 -0.998962 1.67968 -0.161299 1.61956 -1.61124
0.560386 1.23578 -1.0016 1.67931 -0.160811 1.61998 -1.62244
0.553044 1.23556 -1.00431 1.67893 -0.160311 1.62041 -1.63393
0.545534 1.23533 -1.00708 1.67854 -0.159799 1.62086 -1.64568
0.537873 1.2351 -1.00991 1.67815 -0.159277 1.62131 -1.65767
0.53008 1.23486 -1.01278 1.67774 -0.158746 1.62177 -1.66987
0.522172 1.23462 -1.0157 1.67733 -0.158207 1.62224 -1.68224
0.514167 1.23437 -1.01866 1.67692 -0.157662 1.62271 -1.69477
0.506082 1.23413 -1.02164 1.6765 -0.157111 1.62318 -1.70743
0.497935 1.23388 -1.02464 1.67608 -0.156555 1.62367 -1.72018
0.489744 1.23363 -1.02767 1.67565 -0.155997 1.62415 -1.73299
0.481527 1.23338 -1.0307 1.67523 -0.155437 1.62463 -1.74585
0.4733 1.23313 -1.03373 1.6748 -0.154876 1.62512 -1.75873
0.465083 1.23288 -1.03677 1.67438 -0.154316 1.6256 -1.77159
0.456892 1.23263 -1.03979 1.67395 -0.153758 1.62609 -1.78441
0.448745 1.23238 -1.04279 1.67353 -0.153203 1.62657 -1.79716
0.44066 1.23213 -1.04578 1.67311 -0.152652 1.62704 -1.80981
0.432655 1.23189 -1.04873 1.6727 -0.152106 1.62752 -1.82234
0.424747 1.23165 -1.05165 1.67229 -0.151568 1.62798 -1.83471
0.416954 1.23141 -1.05452 1.67188 -0.151036 1.62844 -1.84691
0.409294 1.23118 -1.05735 1.67149 -0.150514 1.6289 -1.8589
0.401784 1.23095 -1.06012 1.6711 -0.150003 1.62934 -1.87065
0.394442 1.23073 -1.06283 1.67072 -0.149502 1.62977 -1.88214
0.387285 1.23051 -1.06547 1.67035 -0.149014 1.63019 -1.89334
0.380333 1.2303 -1.06804 1.66999 -0.148541 1.6306 -1.90422
0.373601 1.23009 -1.07052 1.66964 -0.148082 1.631 -1.91476
0.367108 1.22989 -1.07292 1.6693 -0.147639 1.63138 -1.92492
0.360871 1.2297 -1.07522 1.66898 -0.147214 1.63175 -1.93468
0.354909 1.22952 -1.07742 1.66867 -0.146808 1.6321 -1.94401
0.349239 1.22935 -1.07951 1.66838 -0.146421 1.63244 -1.95289
0.343878 1.22918 -1.08149 1.6681 -0.146056 1.63276 -1.96127
0.338844 1.22903 -1.08335 1.66784 -0.145713 1.63305 -1.96915
0.334155 1.22889 -1.08508 1.6676 -0.145394 1.63333 -1.97649
0.329829 1.22876 -1.08667 1.66737 -0.145099 1.63358 -1.98326
0.325883 1.22864 -1.08813 1.66717 -0.14483 1.63382 -1.98944
0.322335 1.22853 -1.08944 1.66699 -0.144588 1.63403 -1.99499
0.319203 1.22843 -1.09059 1.66682 -0.144374 1.63421 -1.99989
0.316504 1.22835 -1.09159 1.66668 -0.144191 1.63437 -2.00411
0.314256 1.22828 -1.09242 1.66657 -0.144037 1.6345 -2.00763
0.312477 1.22823 -1.09307 1.66648 -0.143916 1.63461 -2.01042
0.311184 1.22819 -1.09355 1.66641 -0.143828 1.63468 -2.01244
0.310396 1.22816 -1.09384 1.66637 -0.143774 1.63473 -2.01367
0.310129 1.22816 -1.09394 1.66635 -0.143756 1.63475 -2.01409
0.309711 1.22798 -1.09399 1.66633 -0.143767 1.6347 -2.01443
0.308477 1.22748 -1.09412 1.66627 -0.143799 1.63455 -2.01543
0.306454 1.22664 -1.09434 1.66616 -0.143851 1.6343 -2.01706
0.30367 1.22549 -1.09464 1.66602 -0.143923 1.63396 -2.01931
0.300152 1.22404 -1.09501 1.66584 -0.144015 1.63353 -2.02215
0.295928 1.2223 -1.09547 1.66562 -0.144124 1.63302 -2.02556
0.291026 1.22028 -1.09599 1.66537 -0.144251 1.63242 -2.02952
0.285474 1.218 -1.09659 1.66508 -0.144395 1.63175 -2.034
0.279299 1.21545 -1.09726 1.66476 -0.144555 1.631 -2.03899
0.272528 1.21266 -1.09798 1.66441 -0.14473 1.63018 -2.04445
0.26519 1.20964 -1.09877 1.66404 -0.14492 1.62929 -2.05038
0.257313 1.20639 -1.09962 1.66363 -0.145125 1.62833 -2.05674
0.248923 1.20294 -1.10052 1.6632 -0.145342 1.62731 -2.06352
0.240048 1.19928 -1.10148 1.66274 -0.145572 1.62623 -2.07068
0.230717 1.19543 -1.10248 1.66226 -0.145814 1.6251 -2.07822
0.220957 1.19141 -1.10353 1.66175 -0.146066 1.62391 -2.0861
0.210796 1.18722 -1.10462 1.66123 -0.14633 1.62267 -2.0943
0.200261 1.18288 -1.10576 1.66069 -0.146603 1.62139 -2.10281
0.18938 1.1784 -1.10693 1.66013 -0.146885 1.62007 -2.1116
0.17818 1.17378 -1.10813 1.65955 -0.147175 1.61871 -2.12064
0.16669 1.16905 -1.10937 1.65896 -0.147473 1.61731 -2.12992
0.154937 1.16421 -1.11063 1.65835 -0.147777 1.61589 -2.13941
0.142949 1.15927 -1.11192 1.65773 -0.148088 1.61443 -2.14909
0.130753 1.15424 -1.11323 1.6571 -0.148404 1.61295 -2.15894
0.118377 1.14914 -1.11456 1.65646 -0.148724 1.61144 -2.16893
0.105848 1.14398 -1.11591 1.65582 -0.149049 1.60992 -2.17905
0.0931956 1.13877 -1.11727 1.65516 -0.149377 1.60838 -2.18926
0.0804459 1.13351 -1.11864 1.65451 -0.149707 1.60683 -2.19956
0.067627 1.12823 -1.12002 1.65385 -0.150039 1.60528 -2.20991
0.0547667 1.12293 -1.1214 1.65318 -0.150372 1.60371 -2.2203
0.0418924 1.11763 -1.12279 1.65252 -0.150706 1.60215 -2.23069
0.029032 1.11233 -1.12417 1.65186 -0.151039 1.60059 -2.24108
0.0162132 1.10704 -1.12555 1.65119 -0.151371 1.59903 -2.25143
0.00346352 1.10179 -1.12692 1.65054 -0.151702 1.59748 -2.26172
-0.00918925 1.09658 -1.12828 1.64988 -0.152029 1.59594 -2.27194
-0.0217175 1.09141 -1.12963 1.64924 -0.152354 1.59442 -2.28206
-0.0340934 1.08631 -1.13096 1.6486 -0.152675 1.59291 -2.29205
-0.0462894 1.08129 -1.13227 1.64797 -0.152991 1.59143 -2.3019
-0.0582779 1.07635 -1.13356 1.64735 -0.153301 1.58998 -2.31158
-0.070031 1.07151 -1.13482 1.64675 -0.153606 1.58855 -2.32107
-0.0815211 1.06677 -1.13606 1.64615 -0.153904 1.58715 -2.33035
-0.0927206 1.06216 -1.13726 1.64558 -0.154194 1.58579 -2.33939
-0.103602 1.05767 -1.13843 1.64501 -0.154476 1.58447 -2.34818
-0.114137 1.05333 -1.13956 1.64447 -0.154749 1.58319 -2.35669
-0.124298 1.04914 -1.14066 1.64395 -0.155012 1.58195 -2.36489
-0.134058 1.04512 -1.14171 1.64344 -0.155265 1.58077 -2.37277
-0.143389 1.04128 -1.14271 1.64296 -0.155507 1.57963 -2.38031
-0.152264 1.03762 -1.14366 1.6425 -0.155736 1.57855 -2.38747
-0.160653 1.03416 -1.14457 1.64207 -0.155954 1.57753 -2.39425
-0.168531 1.03092 -1.14541 1.64167 -0.156158 1.57658 -2.40061
-0.175869 1.02789 -1.1462 1.64129 -0.156348 1.57569 -2.40653
-0.18264 1.0251 -1.14693 1.64094 -0.156523 1.57486 -2.412
-0.188815 1.02256 -1.1476 1.64062 -0.156683 1.57411 -2.41699
-0.194367 1.02027 -1.14819 1.64033 -0.156827 1.57344 -2.42147
-0.199269 1.01825 -1.14872 1.64008 -0.156954 1.57284 -2.42543
-0.203493 1.01651 -1.14917 1.63986 -0.157064 1.57233 -2.42884
-0.207011 1.01506 -1.14955 1.63968 -0.157155 1.5719 -2.43168
-0.209795 1.01391 -1.14985 1.63954 -0.157227 1.57156 -2.43393
-0.211818 1.01308 -1.15007 1.63943 -0.157279 1.57132 -2.43556
-0.213052 1.01257 -1.1502 1.63937 -0.157311 1.57117 -2.43656
-0.21347 1.0124 -1.15025 1.63935 -0.157322 1.57112 -2.4369
-0.214638 1.01192 -1.15037 1.63929 -0.157353 1.57097 -2.43784
-0.217988 1.01054 -1.15073 1.63912 -0.157439 1.57057 -2.44055
-0.223291 1.00835 -1.1513 1.63884 -0.157577 1.56992 -2.44483
-0.230317 1.00546 -1.15206 1.63848 -0.157759 1.56907 -2.4505
-0.238836 1.00195 -1.15297 1.63804 -0.157979 1.56803 -2.45738
-0.248619 0.997916 -1.15403 1.63754 -0.158233 1.56684 -2.46528
-0.259435 0.993459 -1.15519 1.63698 -0.158513 1.56553 -2.47401
-0.271056 0.988671 -1.15644 1.63638 -0.158814 1.56412 -2.4834
-0.283251 0.983646 -1.15775 1.63575 -0.15913 1.56264 -2.49324
-0.29579 0.978479 -1.1591 1.6351 -0.159455 1.56111 -2.50337
-0.308444 0.973264 -1.16046 1.63445 -0.159783 1.55957 -2.51359
-0.320984 0.968097 -1.16181 1.6338 -0.160108 1.55805 -2.52371
-0.333179 0.963072 -1.16312 1.63317 -0.160424 1.55657 -2.53356
-0.344799 0.958284 -1.16437 1.63257 -0.160725 1.55516 -2.54295
-0.355616 0.953827 -1.16553 1.63202 -0.161005 1.55384 -2.55168
-0.365398 0.949796 -1.16658 1.63151 -0.161259 1.55265 -2.55958
-0.373918 0.946285 -1.1675 1.63107 -0.161479 1.55162 -2.56646
-0.380944 0.94339 -1.16826 1.63071 -0.161661 1.55076 -2.57213
-0.386247 0.941205 -1.16883 1.63044 -0.161799 1.55012 -2.57641
-0.389597 0.939824 -1.16919 1.63026 -0.161886 1.54971 -2.57912
-0.390765 0.939343 -1.16931 1.6302 -0.161916 1.54957 -2.58006
-0.390892 0.939235 -1.16915 1.62991 -0.161919 1.54936 -2.57963
-0.39127 0.938916 -1.16867 1.62903 -0.161929 1.54873 -2.57836
-0.391889 0.938393 -1.16787 1.62759 -0.161945 1.54771 -2.57627
-0.392741 0.937674 -1.16678 1.62562 -0.161967 1.5463 -2.57339
-0.393816 0.936765 -1.16541 1.62312 -0.161995 1.54452 -2.56976
-0.395107 0.935675 -1.16376 1.62013 -0.162029 1.54238 -2.5654
-0.396605 0.934409 -1.16184 1.61665 -0.162068 1.5399 -2.56035
-0.398301 0.932976 -1.15967 1.61271 -0.162112 1.5371 -2.55462
-0.400186 0.931383 -1.15726 1.60834 -0.162161 1.53398 -2.54825
-0.402253 0.929638 -1.15462 1.60354 -0.162215 1.53056 -2.54128
-0.404491 0.927746 -1.15175 1.59835 -0.162273 1.52685 -2.53372
-0.406894 0.925717 -1.14868 1.59277 -0.162335 1.52287 -2.52561
-0.409451 0.923556 -1.14541 1.58684 -0.162402 1.51864 -2.51697
-0.412155 0.921272 -1.14195 1.58056 -0.162472 1.51417 -2.50784
-0.414997 0.918871 -1.13831 1.57396 -0.162546 1.50946 -2.49825
-0.417968 0.916361 -1.13451 1.56707 -0.162623 1.50454 -2.48822
-0.42106 0.913749 -1.13056 1.55989 -0.162704 1.49943 -2.47778
-0.424264 0.911042 -1.12646 1.55246 -0.162787 1.49412 -2.46697
-0.427571 0.908248 -1.12223 1.54478 -0.162873 1.48865 -2.4558
-0.430973 0.905374 -1.11788 1.53689 -0.162962 1.48302 -2.44431
-0.434461 0.902427 -1.11341 1.52879 -0.163052 1.47725 -2.43254
-0.438027 0.899415 -1.10885 1.52052 -0.163145 1.47135 -2.4205
-0.441661 0.896344 -1.1042 1.51208 -0.16324 1.46533 -2.40823
-0.445356 0.893223 -1.09948 1.50351 -0.163336 1.45921 -2.39576
-0.449103 0.890057 -1.09469 1.49481 -0.163433 1.45301 -2.38311
-0.452892 0.886856 -1.08984 1.48602 -0.163532 1.44674 -2.37031
-0.456716 0.883625 -1.08495 1.47714 -0.163631 1.44041 -2.3574
-0.460566 0.880373 -1.08002 1.46821 -0.163731 1.43404 -2.3444
-0.464434 0.877105 -1.07507 1.45923 -0.163832 1.42764 -2.33135
-0.468309 0.873831 -1.07012 1.45024 -0.163933 1.42122 -2.31826
-0.472185 0.870557 -1.06516 1.44124 -0.164033 1.41481 -2.30518
-0.476052 0.86729 -1.06021 1.43227 -0.164134 1.40841 -2.29212
-0.479902 0.864037 -1.05529 1.42333 -0.164234 1.40204 -2.27912
-0.483726 0.860806 -1.05039 1.41446 -0.164334 1.39571 -2.26621
-0.487516 0.857605 -1.04555 1.40566 -0.164432 1.38943 -2.25342
-0.491263 0.85444 -1.04075 1.39697 -0.16453 1.38323 -2.24077
-0.494957 0.851318 -1.03603 1.38839 -0.164626 1.37712 -2.2283
-0.498592 0.848247 -1.03138 1.37996 -0.16472 1.3711 -2.21603
-0.502158 0.845235 -1.02682 1.37168 -0.164813 1.3652 -2.20399
-0.505646 0.842288 -1.02235 1.36359 -0.164904 1.35943 -2.19221
-0.509048 0.839414 -1.018 1.35569 -0.164992 1.3538 -2.18073
-0.512355 0.83662 -1.01377 1.34802 -0.165078 1.34832 -2.16956
-0.515559 0.833914 -1.00967 1.34058 -0.165161 1.34302 -2.15874
-0.51865 0.831302 -1.00572 1.33341 -0.165242 1.3379 -2.14831
-0.521621 0.828792 -1.00192 1.32651 -0.165319 1.33299 -2.13828
-0.524463 0.826391 -0.998283 1.31992 -0.165393 1.32828 -2.12868
-0.527167 0.824106 -0.994824 1.31364 -0.165463 1.32381 -2.11955
-0.529725 0.821946 -0.991552 1.3077 -0.16553 1.31957 -2.11092
-0.532127 0.819916 -0.988479 1.30213 -0.165592 1.3156 -2.10281
-0.534366 0.818025 -0.985615 1.29693 -0.16565 1.31189 -2.09525
-0.536432 0.816279 -0.982971 1.29214 -0.165704 1.30847 -2.08827
-0.538318 0.814686 -0.980559 1.28776 -0.165753 1.30535 -2.08191
-0.540014 0.813253 -0.97839 1.28383 -0.165797 1.30254 -2.07618
-0.541512 0.811988 -0.976474 1.28035 -0.165836 1.30006 -2.07112
-0.542803 0.810897 -0.974823 1.27735 -0.16587 1.29793 -2.06677
-0.543878 0.809988 -0.973447 1.27486 -0.165898 1.29615 -2.06313
-0.54473 0.809269 -0.972357 1.27288 -0.16592 1.29474 -2.06026
-0.545349 0.808746 -0.971566 1.27144 -0.165936 1.29371 -2.05817
-0.545726 0.808427 -0.971083 1.27057 -0.165946 1.29309 -2.0569
-0.545854 0.808319 -0.970919 1.27027 -0.165949 1.29288 -2.05646
-0.545978 0.808215 -0.970761 1.26998 -0.165952 1.29267 -2.05605
-0.546343 0.807906 -0.970293 1.26914 -0.165962 1.29207 -2.05481
-0.546943 0.807399 -0.969527 1.26775 -0.165978 1.29108 -2.05279
-0.547767 0.806703 -0.968472 1.26583 -0.165999 1.28971 -2.05
-0.548809 0.805822 -0.967139 1.26341 -0.166026 1.28799 -2.04649
-0.55006 0.804765 -0.965538 1.26051 -0.166059 1.28591 -2.04226
-0.551512 0.803539 -0.963681 1.25714 -0.166096 1.28351 -2.03736
-0.553157 0.802149 -0.961577 1.25332 -0.166139 1.28079 -2.03181
-0.554986 0.800604 -0.959237 1.24908 -0.166187 1.27776 -2.02563
-0.556991 0.79891 -0.956672 1.24442 -0.166239 1.27444 -2.01886
-0.559165 0.797074 -0.953892 1.23938 -0.166295 1.27085 -2.01152
-0.561498 0.795102 -0.950907 1.23396 -0.166356 1.26698 -2.00365
-0.563983 0.793003 -0.947728 1.2282 -0.166421 1.26287 -1.99526
-0.566612 0.790782 -0.944365 1.2221 -0.166489 1.25852 -1.98638
-0.569376 0.788447 -0.94083 1.21568 -0.166561 1.25395 -1.97705
-0.572267 0.786005 -0.937132 1.20897 -0.166636 1.24916 -1.96729
-0.575276 0.783462 -0.933282 1.20199 -0.166714 1.24418 -1.95713
-0.578397 0.780826 -0.92929 1.19475 -0.166796 1.23901 -1.9466
-0.58162 0.778103 -0.925167 1.18727 -0.166879 1.23368 -1.93571
-0.584937 0.7753 -0.920923 1.17957 -0.166966 1.22819 -1.92451
-0.588341 0.772425 -0.91657 1.17167 -0.167054 1.22256 -1.91302
-0.591822 0.769484 -0.912116 1.16359 -0.167145 1.21679 -1.90127
-0.595373 0.766484 -0.907574 1.15535 -0.167237 1.21092 -1.88928
-0.598985 0.763432 -0.902953 1.14696 -0.167331 1.20494 -1.87709
-0.602651 0.760335 -0.898264 1.13846 -0.167426 1.19887 -1.86471
-0.606362 0.7572 -0.893517 1.12985 -0.167523 1.19273 -1.85218
-0.61011 0.754034 -0.888722 1.12115 -0.16762 1.18653 -1.83953
-0.613886 0.750844 -0.883892 1.11238 -0.167719 1.18028 -1.82678
-0.617683 0.747636 -0.879034 1.10357 -0.167817 1.17399 -1.81396
-0.621492 0.744418 -0.874162 1.09473 -0.167916 1.16769 -1.8011
-0.625306 0.741196 -0.869284 1.08588 -0.168016 1.16137 -1.78823
-0.629115 0.737978 -0.864411 1.07704 -0.168115 1.15507 -1.77537
-0.632912 0.73477 -0.859554 1.06823 -0.168213 1.14879 -1.76255
-0.636688 0.73158 -0.854723 1.05946 -0.168312 1.14253 -1.7498
-0.640436 0.728414 -0.849929 1.05077 -0.168409 1.13633 -1.73715
-0.644147 0.725279 -0.845182 1.04215 -0.168506 1.13019 -1.72462
-0.647812 0.722182 -0.840492 1.03365 -0.168601 1.12412 -1.71224
-0.651425 0.71913 -0.835871 1.02526 -0.168695 1.11814 -1.70005
-0.654976 0.71613 -0.831329 1.01702 -0.168787 1.11227 -1.68806
-0.658457 0.713189 -0.826875 1.00894 -0.168878 1.1065 -1.6763
-0.661861 0.710313 -0.822522 1.00104 -0.168966 1.10087 -1.66481
-0.665178 0.707511 -0.818278 0.993345 -0.169053 1.09538 -1.65361
-0.668401 0.704788 -0.814155 0.985865 -0.169136 1.09005 -1.64273
-0.671521 0.702152 -0.810164 0.978623 -0.169217 1.08488 -1.6322
-0.674531 0.699609 -0.806313 0.971638 -0.169296 1.0799 -1.62204
-0.677422 0.697167 -0.802615 0.964928 -0.169371 1.07511 -1.61228
-0.680186 0.694832 -0.79908 0.958514 -0.169443 1.07054 -1.60295
-0.682814 0.692611 -0.795717 0.952414 -0.169511 1.06619 -1.59407
-0.685299 0.690512 -0.792538 0.946646 -0.169576 1.06208 -1.58568
-0.687633 0.68854 -0.789554 0.941231 -0.169636 1.05821 -1.5778
-0.689806 0.686704 -0.786773 0.936187 -0.169693 1.05462 -1.57047
-0.691812 0.68501 -0.784208 0.931533 -0.169745 1.0513 -1.5637
-0.693641 0.683464 -0.781868 0.927288 -0.169793 1.04827 -1.55752
-0.695285 0.682075 -0.779764 0.923471 -0.169836 1.04555 -1.55197
-0.696737 0.680848 -0.777907 0.920101 -0.169873 1.04315 -1.54707
-0.697988 0.679791 -0.776306 0.917198 -0.169906 1.04107 -1.54284
-0.69903 0.678911 -0.774973 0.914779 -0.169933 1.03935 -1.53932
-0.699855 0.678214 -0.773918 0.912866 -0.169954 1.03798 -1.53654
-0.700454 0.677708 -0.773152 0.911475 -0.16997 1.03699 -1.53452
-0.70082 0.677399 -0.772684 0.910626 -0.169979 1.03639 -1.53328
-0.700944 0.677295 -0.772526 0.910339 -0.169983 1.03618 -1.53286
-0.701067 0.67719 -0.772368 0.910052 -0.169986 1.03598 -1.53245
-0.701433 0.676882 -0.7719 0.909204 -0.169995 1.03537 -1.53121
-0.702032 0.676375 -0.771134 0.907813 -0.170011 1.03438 -1.52919
-0.702857 0.675679 -0.770079 0.905899 -0.170032 1.03302 -1.52641
-0.703899 0.674798 -0.768746 0.903481 -0.17006 1.03129 -1.52289
-0.70515 0.673741 -0.767145 0.900578 -0.170092 1.02922 -1.51866
-0.706602 0.672515 -0.765288 0.897208 -0.17013 1.02682 -1.51376
-0.708246 0.671125 -0.763184 0.893391 -0.170173 1.0241 -1.50821
-0.710076 0.66958 -0.760844 0.889146 -0.17022 1.02107 -1.50203
-0.712081 0.667886 -0.758279 0.884492 -0.170272 1.01775 -1.49526
-0.714254 0.666049 -0.755499 0.879448 -0.170329 1.01415 -1.48793
-0.716588 0.664078 -0.752514 0.874032 -0.17039 1.01029 -1.48005
-0.719073 0.661979 -0.749335 0.868265 -0.170454 1.00618 -1.47166
-0.721701 0.659758 -0.745972 0.862165 -0.170523 1.00183 -1.46278
-0.724465 0.657423 -0.742437 0.85575 -0.170594 0.997252 -1.45345
-0.727356 0.654981 -0.738739 0.849041 -0.17067 0.992467 -1.44369
-0.730366 0.652438 -0.734889 0.842056 -0.170748 0.987485 -1.43353
-0.733486 0.649802 -0.730897 0.834814 -0.170829 0.982321 -1.423
-0.736709 0.647079 -0.726774 0.827334 -0.170913 0.976986 -1.41212
-0.740027 0.644276 -0.72253 0.819635 -0.170999 0.971496 -1.40092
-0.74343 0.641401 -0.718177 0.811737 -0.171088 0.965863 -1.38943
-0.746911 0.63846 -0.713723 0.803657 -0.171178 0.960101 -1.37767
-0.750462 0.63546 -0.709181 0.795416 -0.17127 0.954223 -1.36568
-0.754075 0.632408 -0.70456 0.787032 -0.171364 0.948244 -1.35349
-0.75774 0.629311 -0.699871 0.778525 -0.17146 0.942177 -1.34111
-0.761451 0.626176 -0.695124 0.769913 -0.171556 0.936035 -1.32858
-0.765199 0.62301 -0.69033 0.761215 -0.171654 0.929832 -1.31593
-0.768976 0.619819 -0.685499 0.752451 -0.171752 0.923582 -1.30318
-0.772772 0.616612 -0.680642 0.743639 -0.171851 0.917297 -1.29036
-0.776582 0.613394 -0.675769 0.734798 -0.17195 0.910992 -1.2775
-0.780395 0.610172 -0.670891 0.725948 -0.172049 0.904681 -1.26463
-0.784204 0.606954 -0.666018 0.717108 -0.172148 0.898376 -1.25177
-0.788001 0.603746 -0.661161 0.708296 -0.172247 0.892092 -1.23895
-0.791778 0.600556 -0.65633 0.699532 -0.172345 0.885841 -1.2262
-0.795525 0.597389 -0.651536 0.690834 -0.172442 0.879638 -1.21355
-0.799236 0.594254 -0.646789 0.682222 -0.172539 0.873496 -1.20102
-0.802902 0.591157 -0.642099 0.673714 -0.172634 0.867429 -1.18864
-0.806514 0.588106 -0.637478 0.66533 -0.172728 0.86145 -1.17645
-0.810065 0.585106 -0.632936 0.657089 -0.172821 0.855572 -1.16446
-0.813547 0.582164 -0.628483 0.64901 -0.172911 0.84981 -1.1527
-0.81695 0.579289 -0.624129 0.641111 -0.173 0.844177 -1.14121
-0.820267 0.576487 -0.619885 0.633413 -0.173086 0.838687 -1.13002
-0.82349 0.573764 -0.615762 0.625933 -0.17317 0.833352 -1.11913
-0.826611 0.571128 -0.611771 0.618691 -0.173251 0.828188 -1.1086
-0.829621 0.568585 -0.607921 0.611705 -0.173329 0.823206 -1.09844
-0.832511 0.566142 -0.604222 0.604996 -0.173404 0.818421 -1.08868
-0.835275 0.563807 -0.600687 0.598582 -0.173476 0.813847 -1.07935
-0.837904 0.561587 -0.597324 0.592482 -0.173545 0.809496 -1.07047
-0.840389 0.559487 -0.594145 0.586714 -0.173609 0.805383 -1.06208
-0.842722 0.557516 -0.591161 0.581299 -0.17367 0.801521 -1.0542
-0.844896 0.55568 -0.58838 0.576255 -0.173726 0.797923 -1.04687
-0.846901 0.553986 -0.585815 0.571601 -0.173779 0.794604 -1.0401
-0.84873 0.55244 -0.583475 0.567356 -0.173826 0.791577 -1.03392
-0.850375 0.551051 -0.581371 0.563539 -0.173869 0.788855 -1.02837
-0.851827 0.549824 -0.579514 0.560169 -0.173907 0.786452 -1.02347
-0.853078 0.548767 -0.577913 0.557265 -0.173939 0.784381 -1.01924
-0.85412 0.547887 -0.576581 0.554847 -0.173966 0.782656 -1.01573
-0.854945 0.54719 -0.575526 0.552933 -0.173988 0.781291 -1.01294
-0.855544 0.546684 -0.574759 0.551543 -0.174003 0.780299 -1.01092
-0.855909 0.546375 -0.574291 0.550694 -0.174013 0.779694 -1.00968
-0.856033 0.546271 -0.574133 0.550407 -0.174016 0.77949 -1.00927
-0.856093 0.546341 -0.573943 0.54999 -0.17397 0.779233 -1.0089
-0.856268 0.546548 -0.573379 0.548756 -0.173835 0.778476 -1.00781
-0.856556 0.546888 -0.572456 0.546732 -0.173613 0.777234 -1.00603
-0.856953 0.547355 -0.571186 0.543948 -0.173308 0.775525 -1.00358
-0.857453 0.547945 -0.56958 0.54043 -0.172923 0.773365 -1.00048
-0.858055 0.548654 -0.567653 0.536207 -0.17246 0.770772 -0.996764
-0.858752 0.549477 -0.565416 0.531305 -0.171922 0.767763 -0.992448
-0.859543 0.550409 -0.562882 0.525752 -0.171314 0.764354 -0.987559
-0.860422 0.551446 -0.560064 0.519577 -0.170637 0.760563 -0.982123
-0.861385 0.552582 -0.556975 0.512806 -0.169895 0.756407 -0.976162
-0.86243 0.553814 -0.553626 0.505468 -0.16909 0.751902 -0.969701
-0.863551 0.555136 -0.550031 0.497591 -0.168227 0.747066 -0.962766
-0.864746 0.556545 -0.546202 0.489201 -0.167307 0.741915 -0.955379
-0.866009 0.558034 -0.542153 0.480327 -0.166335 0.736468 -0.947566
-0.867337 0.559601 -0.537895 0.470996 -0.165312 0.730739 -0.939351
-0.868726 0.561239 -0.533441 0.461236 -0.164242 0.724748 -0.930758
-0.870173 0.562945 -0.528804 0.451074 -0.163128 0.718509 -0.921812
-0.871673 0.564713 -0.523996 0.440539 -0.161974 0.712042 -0.912537
-0.873221 0.56654 -0.519031 0.429658 -0.160781 0.705362 -0.902957
-0.874816 0.568419 -0.51392 0.418458 -0.159553 0.698487 -0.893097
-0.876451 0.570348 -0.508677 0.406968 -0.158294 0.691433 -0.882981
-0.878124 0.572321 -0.503313 0.395215 -0.157006 0.684218 -0.872633
-0.879831 0.574333 -0.497842 0.383227 -0.155692 0.676858 -0.862078
-0.881567 0.576381 -0.492277 0.371031 -0.154355 0.669371 -0.851341
-0.883329 0.578458 -0.486629 0.358655 -0.152998 0.661773 -0.840445
-0.885112 0.580561 -0.480912 0.346127 -0.151625 0.654082 -0.829415
-0.886913 0.582685 -0.475138 0.333474 -0.150238 0.646315 -0.818275
-0.888728 0.584825 -0.46932 0.320724 -0.148841 0.638488 -0.80705
-0.890553 0.586977 -0.46347 0.307905 -0.147436 0.630618 -0.795764
-0.892383 0.589135 -0.457602 0.295045 -0.146026 0.622723 -0.784442
-0.894216 0.591297 -0.451727 0.282171 -0.144615 0.61482 -0.773107
-0.896046 0.593455 -0.445858 0.26931 -0.143205 0.606925 -0.761785
-0.897871 0.595607 -0.440008 0.256491 -0.1418 0.599055 -0.750499
-0.899686 0.597747 -0.43419 0.243742 -0.140403 0.591228 -0.739274
-0.901487 0.599871 -0.428416 0.231089 -0.139016 0.583461 -0.728134
-0.90327 0.601974 -0.422699 0.218561 -0.137643 0.57577 -0.717104
-0.905032 0.604051 -0.417051 0.206185 -0.136286 0.568172 -0.706208
-0.906768 0.606099 -0.411486 0.193989 -0.13495 0.560685 -0.695471
-0.908475 0.608111 -0.406015 0.182 -0.133636 0.553326 -0.684916
-0.910148 0.610084 -0.400652 0.170247 -0.132347 0.54611 -0.674568
-0.911783 0.612013 -0.395408 0.158757 -0.131088 0.539057 -0.664452
-0.913378 0.613893 -0.390297 0.147558 -0.12986 0.532181 -0.654592
-0.914926 0.615719 -0.385332 0.136676 -0.128668 0.525501 -0.645012
-0.916426 0.617487 -0.380524 0.126141 -0.127513 0.519034 -0.635737
-0.917873 0.619193 -0.375887 0.11598 -0.126399 0.512796 -0.62679
-0.919262 0.620831 -0.371433 0.10622 -0.125329 0.506804 -0.618198
-0.92059 0.622398 -0.367175 0.0968889 -0.124307 0.501076 -0.609982
-0.921853 0.623887 -0.363126 0.0880146 -0.123334 0.495628 -0.602169
-0.923048 0.625296 -0.359297 0.0796248 -0.122414 0.490477 -0.594783
-0.924169 0.626618 -0.355702 0.0717471 -0.121551 0.485641 -0.587847
-0.925214 0.62785 -0.352354 0.0644092 -0.120747 0.481136 -0.581387
-0.926177 0.628986 -0.349264 0.0576387 -0.120004 0.47698 -0.575426
-0.927056 0.630023 -0.346446 0.0514634 -0.119328 0.473189 -0.569989
-0.927847 0.630955 -0.343912 0.045911 -0.118719 0.46978 -0.565101
-0.928544 0.631778 -0.341675 0.041009 -0.118182 0.466771 -0.560785
-0.929146 0.632487 -0.339748 0.0367853 -0.117719 0.464178 -0.557067
-0.929646 0.633077 -0.338142 0.0332674 -0.117333 0.462019 -0.553969
-0.930043 0.633545 -0.336872 0.0304831 -0.117028 0.460309 -0.551518
-0.930331 0.633884 -0.335949 0.0284601 -0.116806 0.459067 -0.549737
-0.930506 0.634091 -0.335385 0.0272259 -0.116671 0.45831 -0.54865
-0.930566 0.634161 -0.335195 0.0268084 -0.116625 0.458053 -0.548283
-0.930587 0.634302 -0.335017 0.0263909 -0.116563 0.45781 -0.547992
-0.930649 0.634719 -0.334491 0.0251567 -0.11638 0.457092 -0.547132
-0.93075 0.635403 -0.333629 0.0231337 -0.11608 0.455914 -0.545722
-0.93089 0.636344 -0.332443 0.0203494 -0.115668 0.454293 -0.543782
-0.931066 0.637532 -0.330945 0.0168315 -0.115146 0.452245 -0.54133
-0.931278 0.638959 -0.329145 0.0126078 -0.11452 0.449786 -0.538387
-0.931523 0.640616 -0.327057 0.00770583 -0.113794 0.446933 -0.534971
-0.931802 0.642492 -0.324691 0.00215337 -0.112971 0.4437 -0.531102
-0.932111 0.644578 -0.322061 -0.00402192 -0.112055 0.440105 -0.526799
-0.93245 0.646866 -0.319176 -0.0107924 -0.111052 0.436164 -0.522081
-0.932818 0.649345 -0.31605 -0.0181303 -0.109964 0.431892 -0.516967
-0.933213 0.652006 -0.312694 -0.026008 -0.108796 0.427306 -0.511478
-0.933633 0.654841 -0.30912 -0.0343978 -0.107553 0.422421 -0.505632
-0.934078 0.657839 -0.305339 -0.0432721 -0.106237 0.417255 -0.499448
-0.934546 0.660992 -0.301364 -0.052603 -0.104854 0.411823 -0.492945
-0.935035 0.66429 -0.297206 -0.0623631 -0.103408 0.406141 -0.486144
-0.935544 0.667723 -0.292877 -0.0725245 -0.101901 0.400225 -0.479063
-0.936072 0.671282 -0.288389 -0.0830597 -0.10034 0.394092 -0.471722
-0.936618 0.674959 -0.283754 -0.0939408 -0.098727 0.387757 -0.464139
-0.937179 0.678743 -0.278982 -0.10514 -0.097067 0.381237 -0.456335
-0.937755 0.682625 -0.274087 -0.11663 -0.0953638 0.374548 -0.448328
-0.938344 0.686596 -0.26908 -0.128384 -0.0936217 0.367706 -0.440138
-0.938945 0.690647 -0.263973 -0.140372 -0.0918447 0.360727 -0.431784
-0.939556 0.694767 -0.258777 -0.152568 -0.090037 0.353627 -0.423285
-0.940176 0.698949 -0.253505 -0.164944 -0.0882025 0.346422 -0.414661
-0.940804 0.703182 -0.248168 -0.177472 -0.0863455 0.339128 -0.405931
-0.941438 0.707457 -0.242777 -0.190125 -0.0844701 0.331762 -0.397114
-0.942077 0.711764 -0.237346 -0.202875 -0.0825802 0.32434 -0.388229
-0.94272 0.716095 -0.231885 -0.215693 -0.0806802 0.316877 -0.379297
-0.943364 0.720441 -0.226406 -0.228554 -0.0787739 0.30939 -0.370335
-0.94401 0.72479 -0.220921 -0.241428 -0.0768656 0.301895 -0.361364
-0.944654 0.729135 -0.215442 -0.254288 -0.0749594 0.294408 -0.352402
-0.945297 0.733467 -0.209981 -0.267107 -0.0730593 0.286946 -0.343469
-0.945936 0.737774 -0.20455 -0.279857 -0.0711695 0.279523 -0.334585
-0.94657 0.742049 -0.199159 -0.29251 -0.069294 0.272157 -0.325768
-0.947198 0.746282 -0.193822 -0.305038 -0.067437 0.264864 -0.317038
-0.947818 0.750464 -0.18855 -0.317414 -0.0656026 0.257659 -0.308413
-0.948429 0.754584 -0.183354 -0.32961 -0.0637948 0.250559 -0.299915
-0.94903 0.758635 -0.178247 -0.341598 -0.0620178 0.243579 -0.291561
-0.949619 0.762606 -0.17324 -0.353352 -0.0602757 0.236737 -0.283371
-0.950195 0.766488 -0.168345 -0.364842 -0.0585726 0.230048 -0.275364
-0.950756 0.770272 -0.163574 -0.376041 -0.0569125 0.223528 -0.267559
-0.951302 0.773948 -0.158938 -0.386922 -0.0552997 0.217193 -0.259977
-0.95183 0.777508 -0.15445 -0.397457 -0.0537381 0.21106 -0.252636
-0.952339 0.780941 -0.150121 -0.407619 -0.0522319 0.205144 -0.245555
-0.952828 0.784239 -0.145963 -0.417379 -0.0507852 0.199462 -0.238753
-0.953296 0.787391 -0.141988 -0.42671 -0.0494021 0.19403 -0.232251
-0.953741 0.79039 -0.138207 -0.435584 -0.0480867 0.188864 -0.226067
-0.954161 0.793224 -0.134633 -0.443974 -0.0468431 0.18398 -0.220221
-0.954556 0.795886 -0.131277 -0.451852 -0.0456755 0.179394 -0.214731
-0.954924 0.798365 -0.128151 -0.45919 -0.0445878 0.175122 -0.209618
-0.955263 0.800653 -0.125266 -0.46596 -0.0435842 0.17118 -0.2049
-0.955572 0.802739 -0.122636 -0.472135 -0.0426689 0.167585 -0.200597
-0.955851 0.804615 -0.12027 -0.477688 -0.0418459 0.164353 -0.196728
-0.956096 0.806272 -0.118182 -0.48259 -0.0411193 0.161499 -0.193312
-0.956308 0.807699 -0.116383 -0.486813 -0.0404932 0.15904 -0.190368
-0.956484 0.808887 -0.114884 -0.490331 -0.0399718 0.156992 -0.187917
-0.956624 0.809828 -0.113698 -0.493116 -0.0395591 0.155371 -0.185977
-0.956725 0.810511 -0.112836 -0.495139 -0.0392592 0.154193 -0.184567
-0.956787 0.810928 -0.11231 -0.496373 -0.0390763 0.153475 -0.183707
-0.956808 0.811069 -0.112132 -0.49679 -0.0390144 0.153232 -0.183416
-0.956848 0.811341 -0.11179 -0.497594 -0.0388952 0.152764 -0.182856
-0.956966 0.812132 -0.110792 -0.499936 -0.0385482 0.151401 -0.181224
-0.957155 0.813407 -0.109185 -0.503708 -0.037989 0.149204 -0.178595
-0.95741 0.815129 -0.107013 -0.508806 -0.0372333 0.146237 -0.175043
-0.957727 0.817264 -0.104322 -0.515123 -0.036297 0.142559 -0.170641
-0.958099 0.819774 -0.101156 -0.522554 -0.0351956 0.138233 -0.165463
-0.958522 0.822625 -0.0975619 -0.530991 -0.0339449 0.133321 -0.159583
-0.95899 0.82578 -0.0935834 -0.54033 -0.0325607 0.127884 -0.153076
-0.959498 0.829204 -0.0892661 -0.550464 -0.0310586 0.121985 -0.146014
-0.960041 0.832861 -0.0846553 -0.561287 -0.0294543 0.115684 -0.138472
-0.960612 0.836715 -0.079796 -0.572694 -0.0277636 0.109043 -0.130523
-0.961208 0.84073 -0.0747335 -0.584577 -0.0260022 0.102125 -0.122242
-0.961822 0.84487 -0.0695128 -0.596831 -0.0241858 0.0949913 -0.113703
-0.96245 0.8491 -0.0641793 -0.609351 -0.0223301 0.0877028 -0.104979
-0.963085 0.853384 -0.058778 -0.622029 -0.0204508 0.0803218 -0.096144
-0.963723 0.857686 -0.0533542 -0.634761 -0.0185636 0.07291 -0.0872721
-0.964359 0.861969 -0.0479529 -0.647439 -0.0166844 0.065529 -0.0784371
-0.964986 0.866199 -0.0426193 -0.659959 -0.0148286 0.0582405 -0.069713
-0.9656 0.87034 -0.0373987 -0.672213 -0.0130122 0.0511064 -0.0611736
-0.966196 0.874355 -0.0323362 -0.684097 -0.0112508 0.0441883 -0.0528927
-0.966767 0.878208 -0.0274769 -0.695503 -0.00956011 0.037548 -0.0449444
-0.96731 0.881865 -0.0228661 -0.706326 -0.00795584 0.0312471 -0.0374023
-0.967818 0.885289 -0.0185488 -0.71646 -0.00645373 0.0253475 -0.0303405
-0.968286 0.888444 -0.0145703 -0.725799 -0.00506948 0.0199107 -0.0238328
-0.968709 0.891295 -0.0109757 -0.734237 -0.0038188 0.0149986 -0.0179531
-0.969081 0.893806 -0.00781022 -0.741667 -0.00271743 0.0106729 -0.0127753
-0.969398 0.89594 -0.00511899 -0.747984 -0.00178106 0.00699524 -0.00837319
-0.969653 0.897663 -0.00294718 -0.753082 -0.00102542 0.00402741 -0.00482074
-0.969842 0.898937 -0.00133997 -0.756855 -0.000466219 0.00183111 -0.00219181
-0.96996 0.899728 -0.00034252 -0.759196 -0.000119174 0.000468064 -0.000560265
-0.97 0.9 0 -0.76 0 0 0
