0 0 -0.00093572 0 0 0 0
0 0 -0.00371776 0 0 0 0
0 0 -0.00830844 0 0 0 0
0 0 -0.0146701 0 0 0 0
0 0 -0.022765 0 0 0 0
0 0 -0.0325555 0 0 0 0
0 0 -0.044004 0 0 0 0
0 0 -0.0570726 0 0 0 0
0 0 -0.0717239 0 0 0 0
0 0 -0.08792 0 0 0 0
0 0 -0.105623 0 0 0 0
0 0 -0.124796 0 0 0 0
0 0 -0.145401 0 0 0 0
0 0 -0.1674 0 0 0 0
0 0 -0.190755 0 0 0 0
0 0 -0.215429 0 0 0 0
0 0 -0.241384 0 0 0 0
0 0 -0.268583 0 0 0 0
0 0 -0.296988 0 0 0 0
0 0 -0.32656 0 0 0 0
0 0 -0.357263 0 0 0 0
0 0 -0.389059 0 0 0 0
0 0 -0.421909 0 0 0 0
0 0 -0.455777 0 0 0 0
0 0 -0.490625 0 0 0 0
0 0 -0.526415 0 0 0 0
0 0 -0.563109 0 0 0 0
0 0 -0.600669 0 0 0 0
0 0 -0.639059 0 0 0 0
0 0 -0.67824 0 0 0 0
0 0 -0.718175 0 0 0 0
0 0 -0.758825 0 0 0 0
0 0 -0.800154 0 0 0 0
0 0 -0.842123 0 0 0 0
0 0 -0.884695 0 0 0 0
0 0 -0.927832 0 0 0 0
0 0 -0.971497 0 0 0 0
0 0 -1.01565 0 0 0 0
0 0 -1.06026 0 0 0 0
0 0 -1.10528 0 0 0 0
0 0 -1.15068 0 0 0 0
0 0 -1.19642 0 0 0 0
0 0 -1.24245 0 0 0 0
0 0 -1.28876 0 0 0 0
0 0 -1.33529 0 0 0 0
0 0 -1.382 0 0 0 0
0 0 -1.42887 0 0 0 0
0 0 -1.47585 0 0 0 0
0 0 -1.52291 0 0 0 0
0 0 -1.57 0 0 0 0
0 0 -1.61709 0 0 0 0
0 0 -1.66415 0 0 0 0
0 0 -1.71113 0 0 0 0
0 0 -1.758 0 0 0 0
0 0 -1.80472 0 0 0 0
0 0 -1.85124 0 0 0 0
0 0 -1.89755 0 0 0 0
0 0 -1.94358 0 0 0 0
0 0 -1.98932 0 0 0 0
0 0 -2.03472 0 0 0 0
0 0 -2.07974 0 0 0 0
0 0 -2.12435 0 0 0 0
0 0 -2.1685 0 0 0 0
0 0 -2.21217 0 0 0 0
0 0 -2.25531 0 0 0 0
0 0 -2.29788 0 0 0 0
0 0 -2.33985 0 0 0 0
0 0 -2.38118 0 0 0 0
0 0 -2.42183 0 0 0 0
0 0 -2.46176 0 0 0 0
0 0 -2.50094 0 0 0 0
0 0 -2.53933 0 0 0 0
0 0 -2.57689 0 0 0 0
0 0 -2.61359 0 0 0 0
0 0 -2.64938 0 0 0 0
0 0 -2.68422 0 0 0 0
0 0 -2.71809 0 0 0 0
0 0 -2.75094 0 0 0 0
0 0 -2.78274 0 0 0 0
0 0 -2.81344 0 0 0 0
0 0 -2.84301 0 0 0 0
0 0 -2.87142 0 0 0 0
0 0 -2.89862 0 0 0 0
0 0 -2.92457 0 0 0 0
0 0 -2.94925 0 0 0 0
0 0 -2.9726 0 0 0 0
0 0 -2.9946 0 0 0 0
0 0 -3.0152 0 0 0 0
0 0 -3.03438 0 0 0 0
0 0 -3.05208 0 0 0 0
0 0 -3.06828 0 0 0 0
0 0 -3.08293 0 0 0 0
0 0 -3.096 0 0 0 0
0 0 -3.10744 0 0 0 0
0 0 -3.11724 0 0 0 0
0 0 -3.12533 0 0 0 0
0 0 -3.13169 0 0 0 0
0 0 -3.13628 0 0 0 0
0 0 -3.13906 0 0 0 0
0 0 -3.14 0 0 0 0
0 0 -3.14 0.00051256 0 0 0
0 0 -3.14 0.00203648 0 0 0
0 0 -3.14 0.00455112 0 0 0
0 0 -3.14 0.00803584 0 0 0
0 0 -3.14 0.01247 0 0 0
0 0 -3.14 0.017833 0 0 0
0 0 -3.14 0.0241041 0 0 0
0 0 -3.14 0.0312627 0 0 0
0 0 -3.14 0.0392882 0 0 0
0 0 -3.14 0.04816 0 0 0
0 0 -3.14 0.0578574 0 0 0
0 0 -3.14 0.0683597 0 0 0
0 0 -3.14 0.0796463 0 0 0
0 0 -3.14 0.0916966 0 0 0
0 0 -3.14 0.10449 0 0 0
0 0 -3.14 0.118006 0 0 0
0 0 -3.14 0.132223 0 0 0
0 0 -3.14 0.147122 0 0 0
0 0 -3.14 0.162681 0 0 0
0 0 -3.14 0.17888 0 0 0
0 0 -3.14 0.195698 0 0 0
0 0 -3.14 0.213115 0 0 0
0 0 -3.14 0.23111 0 0 0
0 0 -3.14 0.249661 0 0 0
0 0 -3.14 0.26875 0 0 0
0 0 -3.14 0.288355 0 0 0
0 0 -3.14 0.308454 0 0 0
0 0 -3.14 0.329029 0 0 0
0 0 -3.14 0.350058 0 0 0
0 0 -3.14 0.37152 0 0 0
0 0 -3.14 0.393395 0 0 0
0 0 -3.14 0.415662 0 0 0
0 0 -3.14 0.438301 0 0 0
0 0 -3.14 0.46129 0 0 0
0 0 -3.14 0.48461 0 0 0
0 0 -3.14 0.508239 0 0 0
0 0 -3.14 0.532158 0 0 0
0 0 -3.14 0.556344 0 0 0
0 0 -3.14 0.580779 0 0 0
0 0 -3.14 0.60544 0 0 0
0 0 -3.14 0.630308 0 0 0
0 0 -3.14 0.655361 0 0 0
0 0 -3.14 0.68058 0 0 0
0 0 -3.14 0.705943 0 0 0
0 0 -3.14 0.73143 0 0 0
0 0 -3.14 0.75702 0 0 0
0 0 -3.14 0.782693 0 0 0
0 0 -3.14 0.808428 0 0 0
0 0 -3.14 0.834203 0 0 0
0 0 -3.14 0.86 0 0 0
0 0 -3.14 0.885797 0 0 0
0 0 -3.14 0.911573 0 0 0
0 0 -3.14 0.937307 0 0 0
0 0 -3.14 0.96298 0 0 0
0 0 -3.14 0.98857 0 0 0
0 0 -3.14 1.01406 0 0 0
0 0 -3.14 1.03942 0 0 0
0 0 -3.14 1.06464 0 0 0
0 0 -3.14 1.08969 0 0 0
0 0 -3.14 1.11456 0 0 0
0 0 -3.14 1.13922 0 0 0
0 0 -3.14 1.16366 0 0 0
0 0 -3.14 1.18784 0 0 0
0 0 -3.14 1.21176 0 0 0
0 0 -3.14 1.23539 0 0 0
0 0 -3.14 1.25871 0 0 0
0 0 -3.14 1.2817 0 0 0
0 0 -3.14 1.30434 0 0 0
0 0 -3.14 1.32661 0 0 0
0 0 -3.14 1.34848 0 0 0
0 0 -3.14 1.36994 0 0 0
0 0 -3.14 1.39097 0 0 0
0 0 -3.14 1.41155 0 0 0
0 0 -3.14 1.43165 0 0 0
0 0 -3.14 1.45125 0 0 0
0 0 -3.14 1.47034 0 0 0
0 0 -3.14 1.48889 0 0 0
0 0 -3.14 1.50689 0 0 0
0 0 -3.14 1.5243 0 0 0
0 0 -3.14 1.54112 0 0 0
0 0 -3.14 1.55732 0 0 0
0 0 -3.14 1.57288 0 0 0
0 0 -3.14 1.58778 0 0 0
0 0 -3.14 1.60199 0 0 0
0 0 -3.14 1.61551 0 0 0
0 0 -3.14 1.6283 0 0 0
0 0 -3.14 1.64035 0 0 0
0 0 -3.14 1.65164 0 0 0
0 0 -3.14 1.66214 0 0 0
0 0 -3.14 1.67184 0 0 0
0 0 -3.14 1.68071 0 0 0
0 0 -3.14 1.68874 0 0 0
0 0 -3.14 1.6959 0 0 0
0 0 -3.14 1.70217 0 0 0
0 0 -3.14 1.70753 0 0 0
0 0 -3.14 1.71196 0 0 0
0 0 -3.14 1.71545 0 0 0
0 0 -3.14 1.71796 0 0 0
0 0 -3.14 1.71949 0 0 0
0 0 -3.14 1.72 0 0 0
0 0.0004172 -3.14 1.72 0 0 0
0 0.0016576 -3.14 1.72 0 0 0
0 0.0037044 -3.14 1.72 0 0 0
0 0.0065408 -3.14 1.72 0 0 0
0 0.01015 -3.14 1.72 0 0 0
0 0.0145152 -3.14 1.72 0 0 0
0 0.0196196 -3.14 1.72 0 0 0
0 0.0254464 -3.14 1.72 0 0 0
0 0.0319788 -3.14 1.72 0 0 0
0 0.0392 -3.14 1.72 0 0 0
0 0.0470932 -3.14 1.72 0 0 0
0 0.0556416 -3.14 1.72 0 0 0
0 0.0648284 -3.14 1.72 0 0 0
0 0.0746368 -3.14 1.72 0 0 0
0 0.08505 -3.14 1.72 0 0 0
0 0.0960512 -3.14 1.72 0 0 0
0 0.107624 -3.14 1.72 0 0 0
0 0.11975 -3.14 1.72 0 0 0
0 0.132415 -3.14 1.72 0 0 0
0 0.1456 -3.14 1.72 0 0 0
0 0.159289 -3.14 1.72 0 0 0
0 0.173466 -3.14 1.72 0 0 0
0 0.188112 -3.14 1.72 0 0 0
0 0.203213 -3.14 1.72 0 0 0
0 0.21875 -3.14 1.72 0 0 0
0 0.234707 -3.14 1.72 0 0 0
0 0.251068 -3.14 1.72 0 0 0
0 0.267814 -3.14 1.72 0 0 0
0 0.284931 -3.14 1.72 0 0 0
0 0.3024 -3.14 1.72 0 0 0
0 0.320205 -3.14 1.72 0 0 0
0 0.33833 -3.14 1.72 0 0 0
0 0.356756 -3.14 1.72 0 0 0
0 0.375469 -3.14 1.72 0 0 0
0 0.39445 -3.14 1.72 0 0 0
0 0.413683 -3.14 1.72 0 0 0
0 0.433152 -3.14 1.72 0 0 0
0 0.452838 -3.14 1.72 0 0 0
0 0.472727 -3.14 1.72 0 0 0
0 0.4928 -3.14 1.72 0 0 0
0 0.513041 -3.14 1.72 0 0 0
0 0.533434 -3.14 1.72 0 0 0
0 0.55396 -3.14 1.72 0 0 0
0 0.574605 -3.14 1.72 0 0 0
0 0.59535 -3.14 1.72 0 0 0
0 0.616179 -3.14 1.72 0 0 0
0 0.637076 -3.14 1.72 0 0 0
0 0.658022 -3.14 1.72 0 0 0
0 0.679003 -3.14 1.72 0 0 0
0 0.7 -3.14 1.72 0 0 0
0 0.720997 -3.14 1.72 0 0 0
0 0.741978 -3.14 1.72 0 0 0
0 0.762924 -3.14 1.72 0 0 0
0 0.783821 -3.14 1.72 0 0 0
0 0.80465 -3.14 1.72 0 0 0
0 0.825395 -3.14 1.72 0 0 0
0 0.84604 -3.14 1.72 0 0 0
0 0.866566 -3.14 1.72 0 0 0
0 0.886959 -3.14 1.72 0 0 0
0 0.9072 -3.14 1.72 0 0 0
0 0.927273 -3.14 1.72 0 0 0
0 0.947162 -3.14 1.72 0 0 0
0 0.966848 -3.14 1.72 0 0 0
0 0.986317 -3.14 1.72 0 0 0
0 1.00555 -3.14 1.72 0 0 0
0 1.02453 -3.14 1.72 0 0 0
0 1.04324 -3.14 1.72 0 0 0
0 1.06167 -3.14 1.72 0 0 0
0 1.07979 -3.14 1.72 0 0 0
0 1.0976 -3.14 1.72 0 0 0
0 1.11507 -3.14 1.72 0 0 0
0 1.13219 -3.14 1.72 0 0 0
0 1.14893 -3.14 1.72 0 0 0
0 1.16529 -3.14 1.72 0 0 0
0 1.18125 -3.14 1.72 0 0 0
0 1.19679 -3.14 1.72 0 0 0
0 1.21189 -3.14 1.72 0 0 0
0 1.22653 -3.14 1.72 0 0 0
0 1.24071 -3.14 1.72 0 0 0
0 1.2544 -3.14 1.72 0 0 0
0 1.26759 -3.14 1.72 0 0 0
0 1.28025 -3.14 1.72 0 0 0
0 1.29238 -3.14 1.72 0 0 0
0 1.30395 -3.14 1.72 0 0 0
0 1.31495 -3.14 1.72 0 0 0
0 1.32536 -3.14 1.72 0 0 0
0 1.33517 -3.14 1.72 0 0 0
0 1.34436 -3.14 1.72 0 0 0
0 1.35291 -3.14 1.72 0 0 0
0 1.3608 -3.14 1.72 0 0 0
0 1.36802 -3.14 1.72 0 0 0
0 1.37455 -3.14 1.72 0 0 0
0 1.38038 -3.14 1.72 0 0 0
0 1.38548 -3.14 1.72 0 0 0
0 1.38985 -3.14 1.72 0 0 0
0 1.39346 -3.14 1.72 0 0 0
0 1.3963 -3.14 1.72 0 0 0
0 1.39834 -3.14 1.72 0 0 0
0 1.39958 -3.14 1.72 0 0 0
0 1.4 -3.14 1.72 0 0 0
0 1.4 -3.14 1.72 0 0.00049468 0
0 1.4 -3.14 1.72 0 0.00196544 0
0 1.4 -3.14 1.72 0 0.00439236 0
0 1.4 -3.14 1.72 0 0.00775552 0
0 1.4 -3.14 1.72 0 0.012035 0
0 1.4 -3.14 1.72 0 0.0172109 0
0 1.4 -3.14 1.72 0 0.0232632 0
0 1.4 -3.14 1.72 0 0.0301722 0
0 1.4 -3.14 1.72 0 0.0379177 0
0 1.4 -3.14 1.72 0 0.04648 0
0 1.4 -3.14 1.72 0 0.0558391 0
0 1.4 -3.14 1.72 0 0.065975 0
0 1.4 -3.14 1.72 0 0.076868 0
0 1.4 -3.14 1.72 0 0.0884979 0
0 1.4 -3.14 1.72 0 0.100845 0
0 1.4 -3.14 1.72 0 0.113889 0
0 1.4 -3.14 1.72 0 0.127611 0
0 1.4 -3.14 1.72 0 0.14199 0
0 1.4 -3.14 1.72 0 0.157006 0
0 1.4 -3.14 1.72 0 0.17264 0
0 1.4 -3.14 1.72 0 0.188871 0
0 1.4 -3.14 1.72 0 0.205681 0
0 1.4 -3.14 1.72 0 0.223048 0
0 1.4 -3.14 1.72 0 0.240952 0
0 1.4 -3.14 1.72 0 0.259375 0
0 1.4 -3.14 1.72 0 0.278296 0
0 1.4 -3.14 1.72 0 0.297694 0
0 1.4 -3.14 1.72 0 0.317551 0
0 1.4 -3.14 1.72 0 0.337847 0
0 1.4 -3.14 1.72 0 0.35856 0
0 1.4 -3.14 1.72 0 0.379672 0
0 1.4 -3.14 1.72 0 0.401162 0
0 1.4 -3.14 1.72 0 0.423011 0
0 1.4 -3.14 1.72 0 0.445199 0
0 1.4 -3.14 1.72 0 0.467705 0
0 1.4 -3.14 1.72 0 0.49051 0
0 1.4 -3.14 1.72 0 0.513594 0
0 1.4 -3.14 1.72 0 0.536937 0
0 1.4 -3.14 1.72 0 0.560519 0
0 1.4 -3.14 1.72 0 0.58432 0
0 1.4 -3.14 1.72 0 0.60832 0
0 1.4 -3.14 1.72 0 0.6325 0
0 1.4 -3.14 1.72 0 0.656839 0
0 1.4 -3.14 1.72 0 0.681317 0
0 1.4 -3.14 1.72 0 0.705915 0
0 1.4 -3.14 1.72 0 0.730612 0
0 1.4 -3.14 1.72 0 0.75539 0
0 1.4 -3.14 1.72 0 0.780227 0
0 1.4 -3.14 1.72 0 0.805103 0
0 1.4 -3.14 1.72 0 0.83 0
0 1.4 -3.14 1.72 0 0.854897 0
0 1.4 -3.14 1.72 0 0.879773 0
0 1.4 -3.14 1.72 0 0.90461 0
0 1.4 -3.14 1.72 0 0.929388 0
0 1.4 -3.14 1.72 0 0.954085 0
0 1.4 -3.14 1.72 0 0.978683 0
0 1.4 -3.14 1.72 0 1.00316 0
0 1.4 -3.14 1.72 0 1.0275 0
0 1.4 -3.14 1.72 0 1.05168 0
0 1.4 -3.14 1.72 0 1.07568 0
0 1.4 -3.14 1.72 0 1.09948 0
0 1.4 -3.14 1.72 0 1.12306 0
0 1.4 -3.14 1.72 0 1.14641 0
0 1.4 -3.14 1.72 0 1.16949 0
0 1.4 -3.14 1.72 0 1.19229 0
0 1.4 -3.14 1.72 0 1.2148 0
0 1.4 -3.14 1.72 0 1.23699 0
0 1.4 -3.14 1.72 0 1.25884 0
0 1.4 -3.14 1.72 0 1.28033 0
0 1.4 -3.14 1.72 0 1.30144 0
0 1.4 -3.14 1.72 0 1.32215 0
0 1.4 -3.14 1.72 0 1.34245 0
0 1.4 -3.14 1.72 0 1.36231 0
0 1.4 -3.14 1.72 0 1.3817 0
0 1.4 -3.14 1.72 0 1.40062 0
0 1.4 -3.14 1.72 0 1.41905 0
0 1.4 -3.14 1.72 0 1.43695 0
0 1.4 -3.14 1.72 0 1.45432 0
0 1.4 -3.14 1.72 0 1.47113 0
0 1.4 -3.14 1.72 0 1.48736 0
0 1.4 -3.14 1.72 0 1.50299 0
0 1.4 -3.14 1.72 0 1.51801 0
0 1.4 -3.14 1.72 0 1.53239 0
0 1.4 -3.14 1.72 0 1.54611 0
0 1.4 -3.14 1.72 0 1.55915 0
0 1.4 -3.14 1.72 0 1.5715 0
0 1.4 -3.14 1.72 0 1.58313 0
0 1.4 -3.14 1.72 0 1.59402 0
0 1.4 -3.14 1.72 0 1.60416 0
0 1.4 -3.14 1.72 0 1.61352 0
0 1.4 -3.14 1.72 0 1.62208 0
0 1.4 -3.14 1.72 0 1.62983 0
0 1.4 -3.14 1.72 0 1.63674 0
0 1.4 -3.14 1.72 0 1.64279 0
0 1.4 -3.14 1.72 0 1.64796 0
0 1.4 -3.14 1.72 0 1.65224 0
0 1.4 -3.14 1.72 0 1.65561 0
0 1.4 -3.14 1.72 0 1.65803 0
0 1.4 -3.14 1.72 0 1.65951 0
0 1.4 -3.14 1.72 0 1.66 0
0 1.4 -3.13966 1.72 0 1.66 0
0 1.4 -3.13864 1.72 0 1.66 0
0 1.4 -3.13696 1.72 0 1.66 0
0 1.4 -3.13463 1.72 0 1.66 0
0 1.4 -3.13166 1.72 0 1.66 0
0 1.4 -3.12808 1.72 0 1.66 0
0 1.4 -3.12388 1.72 0 1.66 0
0 1.4 -3.1191 1.72 0 1.66 0
0 1.4 -3.11373 1.72 0 1.66 0
0 1.4 -3.1078 1.72 0 1.66 0
0 1.4 -3.10132 1.72 0 1.66 0
0 1.4 -3.09429 1.72 0 1.66 0
0 1.4 -3.08675 1.72 0 1.66 0
0 1.4 -3.07869 1.72 0 1.66 0
0 1.4 -3.07014 1.72 0 1.66 0
0 1.4 -3.0611 1.72 0 1.66 0
0 1.4 -3.05159 1.72 0 1.66 0
0 1.4 -3.04163 1.72 0 1.66 0
0 1.4 -3.03123 1.72 0 1.66 0
0 1.4 -3.0204 1.72 0 1.66 0
0 1.4 -3.00916 1.72 0 1.66 0
0 1.4 -2.99751 1.72 0 1.66 0
0 1.4 -2.98548 1.72 0 1.66 0
0 1.4 -2.97308 1.72 0 1.66 0
0 1.4 -2.96031 1.72 0 1.66 0
0 1.4 -2.9472 1.72 0 1.66 0
0 1.4 -2.93377 1.72 0 1.66 0
0 1.4 -2.92001 1.72 0 1.66 0
0 1.4 -2.90595 1.72 0 1.66 0
0 1.4 -2.8916 1.72 0 1.66 0
0 1.4 -2.87697 1.72 0 1.66 0
0 1.4 -2.86209 1.72 0 1.66 0
0 1.4 -2.84695 1.72 0 1.66 0
0 1.4 -2.83158 1.72 0 1.66 0
0 1.4 -2.81599 1.72 0 1.66 0
0 1.4 -2.80019 1.72 0 1.66 0
0 1.4 -2.7842 1.72 0 1.66 0
0 1.4 -2.76803 1.72 0 1.66 0
0 1.4 -2.75169 1.72 0 1.66 0
0 1.4 -2.7352 1.72 0 1.66 0
0 1.4 -2.71857 1.72 0 1.66 0
0 1.4 -2.70182 1.72 0 1.66 0
0 1.4 -2.68496 1.72 0 1.66 0
0 1.4 -2.668 1.72 0 1.66 0
0 1.4 -2.65096 1.72 0 1.66 0
0 1.4 -2.63385 1.72 0 1.66 0
0 1.4 -2.61669 1.72 0 1.66 0
0 1.4 -2.59948 1.72 0 1.66 0
0 1.4 -2.58225 1.72 0 1.66 0
0 1.4 -2.565 1.72 0 1.66 0
0 1.4 -2.54775 1.72 0 1.66 0
0 1.4 -2.53052 1.72 0 1.66 0
0 1.4 -2.51331 1.72 0 1.66 0
0 1.4 -2.49615 1.72 0 1.66 0
0 1.4 -2.47904 1.72 0 1.66 0
0 1.4 -2.462 1.72 0 1.66 0
0 1.4 -2.44504 1.72 0 1.66 0
0 1.4 -2.42818 1.72 0 1.66 0
0 1.4 -2.41143 1.72 0 1.66 0
0 1.4 -2.3948 1.72 0 1.66 0
0 1.4 -2.37831 1.72 0 1.66 0
0 1.4 -2.36197 1.72 0 1.66 0
0 1.4 -2.3458 1.72 0 1.66 0
0 1.4 -2.32981 1.72 0 1.66 0
0 1.4 -2.31401 1.72 0 1.66 0
0 1.4 -2.29842 1.72 0 1.66 0
0 1.4 -2.28305 1.72 0 1.66 0
0 1.4 -2.26791 1.72 0 1.66 0
0 1.4 -2.25303 1.72 0 1.66 0
0 1.4 -2.2384 1.72 0 1.66 0
0 1.4 -2.22405 1.72 0 1.66 0
0 1.4 -2.20999 1.72 0 1.66 0
0 1.4 -2.19623 1.72 0 1.66 0
0 1.4 -2.1828 1.72 0 1.66 0
0 1.4 -2.16969 1.72 0 1.66 0
0 1.4 -2.15692 1.72 0 1.66 0
0 1.4 -2.14452 1.72 0 1.66 0
0 1.4 -2.13249 1.72 0 1.66 0
0 1.4 -2.12084 1.72 0 1.66 0
0 1.4 -2.1096 1.72 0 1.66 0
0 1.4 -2.09877 1.72 0 1.66 0
0 1.4 -2.08837 1.72 0 1.66 0
0 1.4 -2.07841 1.72 0 1.66 0
0 1.4 -2.0689 1.72 0 1.66 0
0 1.4 -2.05986 1.72 0 1.66 0
0 1.4 -2.05131 1.72 0 1.66 0
0 1.4 -2.04325 1.72 0 1.66 0
0 1.4 -2.03571 1.72 0 1.66 0
0 1.4 -2.02868 1.72 0 1.66 0
0 1.4 -2.0222 1.72 0 1.66 0
0 1.4 -2.01627 1.72 0 1.66 0
0 1.4 -2.0109 1.72 0 1.66 0
0 1.4 -2.00612 1.72 0 1.66 0
0 1.4 -2.00192 1.72 0 1.66 0
0 1.4 -1.99834 1.72 0 1.66 0
0 1.4 -1.99537 1.72 0 1.66 0
0 1.4 -1.99304 1.72 0 1.66 0
0 1.4 -1.99136 1.72 0 1.66 0
0 1.4 -1.99034 1.72 0 1.66 0
0 1.4 -1.99 1.72 0 1.66 0
0.00039336 1.4 -1.99 1.72 0 1.66 0
0.00156288 1.4 -1.99 1.72 0 1.66 0
0.00349272 1.4 -1.99 1.72 0 1.66 0
0.00616704 1.4 -1.99 1.72 0 1.66 0
0.00957 1.4 -1.99 1.72 0 1.66 0
0.0136858 1.4 -1.99 1.72 0 1.66 0
0.0184985 1.4 -1.99 1.72 0 1.66 0
0.0239923 1.4 -1.99 1.72 0 1.66 0
0.0301514 1.4 -1.99 1.72 0 1.66 0
0.03696 1.4 -1.99 1.72 0 1.66 0
0.0444022 1.4 -1.99 1.72 0 1.66 0
0.0524621 1.4 -1.99 1.72 0 1.66 0
0.0611239 1.4 -1.99 1.72 0 1.66 0
0.0703718 1.4 -1.99 1.72 0 1.66 0
0.08019 1.4 -1.99 1.72 0 1.66 0
0.0905626 1.4 -1.99 1.72 0 1.66 0
0.101474 1.4 -1.99 1.72 0 1.66 0
0.112908 1.4 -1.99 1.72 0 1.66 0
0.124848 1.4 -1.99 1.72 0 1.66 0
0.13728 1.4 -1.99 1.72 0 1.66 0
0.150187 1.4 -1.99 1.72 0 1.66 0
0.163553 1.4 -1.99 1.72 0 1.66 0
0.177363 1.4 -1.99 1.72 0 1.66 0
0.191601 1.4 -1.99 1.72 0 1.66 0
0.20625 1.4 -1.99 1.72 0 1.66 0
0.221295 1.4 -1.99 1.72 0 1.66 0
0.236721 1.4 -1.99 1.72 0 1.66 0
0.252511 1.4 -1.99 1.72 0 1.66 0
0.268649 1.4 -1.99 1.72 0 1.66 0
0.28512 1.4 -1.99 1.72 0 1.66 0
0.301908 1.4 -1.99 1.72 0 1.66 0
0.318996 1.4 -1.99 1.72 0 1.66 0
0.33637 1.4 -1.99 1.72 0 1.66 0
0.354013 1.4 -1.99 1.72 0 1.66 0
0.37191 1.4 -1.99 1.72 0 1.66 0
0.390044 1.4 -1.99 1.72 0 1.66 0
0.4084 1.4 -1.99 1.72 0 1.66 0
0.426962 1.4 -1.99 1.72 0 1.66 0
0.445714 1.4 -1.99 1.72 0 1.66 0
0.46464 1.4 -1.99 1.72 0 1.66 0
0.483725 1.4 -1.99 1.72 0 1.66 0
0.502952 1.4 -1.99 1.72 0 1.66 0
0.522306 1.4 -1.99 1.72 0 1.66 0
0.54177 1.4 -1.99 1.72 0 1.66 0
0.56133 1.4 -1.99 1.72 0 1.66 0
0.580969 1.4 -1.99 1.72 0 1.66 0
0.600671 1.4 -1.99 1.72 0 1.66 0
0.620421 1.4 -1.99 1.72 0 1.66 0
0.640203 1.4 -1.99 1.72 0 1.66 0
0.66 1.4 -1.99 1.72 0 1.66 0
0.679797 1.4 -1.99 1.72 0 1.66 0
0.699579 1.4 -1.99 1.72 0 1.66 0
0.719329 1.4 -1.99 1.72 0 1.66 0
0.739031 1.4 -1.99 1.72 0 1.66 0
0.75867 1.4 -1.99 1.72 0 1.66 0
0.77823 1.4 -1.99 1.72 0 1.66 0
0.797695 1.4 -1.99 1.72 0 1.66 0
0.817048 1.4 -1.99 1.72 0 1.66 0
0.836275 1.4 -1.99 1.72 0 1.66 0
0.85536 1.4 -1.99 1.72 0 1.66 0
0.874286 1.4 -1.99 1.72 0 1.66 0
0.893038 1.4 -1.99 1.72 0 1.66 0
0.9116 1.4 -1.99 1.72 0 1.66 0
0.929956 1.4 -1.99 1.72 0 1.66 0
0.94809 1.4 -1.99 1.72 0 1.66 0
0.965987 1.4 -1.99 1.72 0 1.66 0
0.98363 1.4 -1.99 1.72 0 1.66 0
1.001 1.4 -1.99 1.72 0 1.66 0
1.01809 1.4 -1.99 1.72 0 1.66 0
1.03488 1.4 -1.99 1.72 0 1.66 0
1.05135 1.4 -1.99 1.72 0 1.66 0
1.06749 1.4 -1.99 1.72 0 1.66 0
1.08328 1.4 -1.99 1.72 0 1.66 0
1.0987 1.4 -1.99 1.72 0 1.66 0
1.11375 1.4 -1.99 1.72 0 1.66 0
1.1284 1.4 -1.99 1.72 0 1.66 0
1.14264 1.4 -1.99 1.72 0 1.66 0
1.15645 1.4 -1.99 1.72 0 1.66 0
1.16981 1.4 -1.99 1.72 0 1.66 0
1.18272 1.4 -1.99 1.72 0 1.66 0
1.19515 1.4 -1.99 1.72 0 1.66 0
1.20709 1.4 -1.99 1.72 0 1.66 0
1.21853 1.4 -1.99 1.72 0 1.66 0
1.22944 1.4 -1.99 1.72 0 1.66 0
1.23981 1.4 -1.99 1.72 0 1.66 0
1.24963 1.4 -1.99 1.72 0 1.66 0
1.25888 1.4 -1.99 1.72 0 1.66 0
1.26754 1.4 -1.99 1.72 0 1.66 0
1.2756 1.4 -1.99 1.72 0 1.66 0
1.28304 1.4 -1.99 1.72 0 1.66 0
1.28985 1.4 -1.99 1.72 0 1.66 0
1.29601 1.4 -1.99 1.72 0 1.66 0
1.3015 1.4 -1.99 1.72 0 1.66 0
1.30631 1.4 -1.99 1.72 0 1.66 0
1.31043 1.4 -1.99 1.72 0 1.66 0
1.31383 1.4 -1.99 1.72 0 1.66 0
1.31651 1.4 -1.99 1.72 0 1.66 0
1.31844 1.4 -1.99 1.72 0 1.66 0
1.31961 1.4 -1.99 1.72 0 1.66 0
1.32 1.4 -1.99 1.72 0 1.66 0
1.32 1.4 -1.98947 1.72 0 1.66 0
1.32 1.4 -1.98788 1.72 0 1.66 0
1.32 1.4 -1.98526 1.72 0 1.66 0
1.32 1.4 -1.98164 1.72 0 1.66 0
1.32 1.4 -1.97702 1.72 0 1.66 0
1.32 1.4 -1.97144 1.72 0 1.66 0
1.32 1.4 -1.96491 1.72 0 1.66 0
1.32 1.4 -1.95746 1.72 0 1.66 0
1.32 1.4 -1.94911 1.72 0 1.66 0
1.32 1.4 -1.93988 1.72 0 1.66 0
1.32 1.4 -1.92979 1.72 0 1.66 0
1.32 1.4 -1.91886 1.72 0 1.66 0
1.32 1.4 -1.90711 1.72 0 1.66 0
1.32 1.4 -1.89457 1.72 0 1.66 0
1.32 1.4 -1.88126 1.72 0 1.66 0
1.32 1.4 -1.86719 1.72 0 1.66 0
1.32 1.4 -1.8524 1.72 0 1.66 0
1.32 1.4 -1.83689 1.72 0 1.66 0
1.32 1.4 -1.8207 1.72 0 1.66 0
1.32 1.4 -1.80384 1.72 0 1.66 0
1.32 1.4 -1.78634 1.72 0 1.66 0
1.32 1.4 -1.76821 1.72 0 1.66 0
1.32 1.4 -1.74948 1.72 0 1.66 0
1.32 1.4 -1.73018 1.72 0 1.66 0
1.32 1.4 -1.71031 1.72 0 1.66 0
1.32 1.4 -1.68991 1.72 0 1.66 0
1.32 1.4 -1.66899 1.72 0 1.66 0
1.32 1.4 -1.64758 1.72 0 1.66 0
1.32 1.4 -1.6257 1.72 0 1.66 0
1.32 1.4 -1.60336 1.72 0 1.66 0
1.32 1.4 -1.58059 1.72 0 1.66 0
1.32 1.4 -1.55742 1.72 0 1.66 0
1.32 1.4 -1.53386 1.72 0 1.66 0
1.32 1.4 -1.50994 1.72 0 1.66 0
1.32 1.4 -1.48567 1.72 0 1.66 0
1.32 1.4 -1.46108 1.72 0 1.66 0
1.32 1.4 -1.43618 1.72 0 1.66 0
1.32 1.4 -1.41101 1.72 0 1.66 0
1.32 1.4 -1.38559 1.72 0 1.66 0
1.32 1.4 -1.35992 1.72 0 1.66 0
1.32 1.4 -1.33404 1.72 0 1.66 0
1.32 1.4 -1.30797 1.72 0 1.66 0
1.32 1.4 -1.28172 1.72 0 1.66 0
1.32 1.4 -1.25533 1.72 0 1.66 0
1.32 1.4 -1.2288 1.72 0 1.66 0
1.32 1.4 -1.20217 1.72 0 1.66 0
1.32 1.4 -1.17545 1.72 0 1.66 0
1.32 1.4 -1.14867 1.72 0 1.66 0
1.32 1.4 -1.12185 1.72 0 1.66 0
1.32 1.4 -1.095 1.72 0 1.66 0
1.32 1.4 -1.06815 1.72 0 1.66 0
1.32 1.4 -1.04133 1.72 0 1.66 0
1.32 1.4 -1.01455 1.72 0 1.66 0
1.32 1.4 -0.987829 1.72 0 1.66 0
1.32 1.4 -0.961197 1.72 0 1.66 0
1.32 1.4 -0.934673 1.72 0 1.66 0
1.32 1.4 -0.908278 1.72 0 1.66 0
1.32 1.4 -0.882033 1.72 0 1.66 0
1.32 1.4 -0.85596 1.72 0 1.66 0
1.32 1.4 -0.83008 1.72 0 1.66 0
1.32 1.4 -0.804415 1.72 0 1.66 0
1.32 1.4 -0.778986 1.72 0 1.66 0
1.32 1.4 -0.753815 1.72 0 1.66 0
1.32 1.4 -0.728923 1.72 0 1.66 0
1.32 1.4 -0.704333 1.72 0 1.66 0
1.32 1.4 -0.680064 1.72 0 1.66 0
1.32 1.4 -0.656139 1.72 0 1.66 0
1.32 1.4 -0.632579 1.72 0 1.66 0
1.32 1.4 -0.609405 1.72 0 1.66 0
1.32 1.4 -0.58664 1.72 0 1.66 0
1.32 1.4 -0.564304 1.72 0 1.66 0
1.32 1.4 -0.54242 1.72 0 1.66 0
1.32 1.4 -0.521008 1.72 0 1.66 0
1.32 1.4 -0.50009 1.72 0 1.66 0
1.32 1.4 -0.479688 1.72 0 1.66 0
1.32 1.4 -0.459822 1.72 0 1.66 0
1.32 1.4 -0.440515 1.72 0 1.66 0
1.32 1.4 -0.421788 1.72 0 1.66 0
1.32 1.4 -0.403663 1.72 0 1.66 0
1.32 1.4 -0.38616 1.72 0 1.66 0
1.32 1.4 -0.369302 1.72 0 1.66 0
1.32 1.4 -0.353109 1.72 0 1.66 0
1.32 1.4 -0.337604 1.72 0 1.66 0
1.32 1.4 -0.322808 1.72 0 1.66 0
1.32 1.4 -0.308742 1.72 0 1.66 0
1.32 1.4 -0.295428 1.72 0 1.66 0
1.32 1.4 -0.282888 1.72 0 1.66 0
1.32 1.4 -0.271142 1.72 0 1.66 0
1.32 1.4 -0.260212 1.72 0 1.66 0
1.32 1.4 -0.25012 1.72 0 1.66 0
1.32 1.4 -0.240887 1.72 0 1.66 0
1.32 1.4 -0.232535 1.72 0 1.66 0
1.32 1.4 -0.225085 1.72 0 1.66 0
1.32 1.4 -0.218559 1.72 0 1.66 0
1.32 1.4 -0.212977 1.72 0 1.66 0
1.32 1.4 -0.208363 1.72 0 1.66 0
1.32 1.4 -0.204736 1.72 0 1.66 0
1.32 1.4 -0.202119 1.72 0 1.66 0
1.32 1.4 -0.200533 1.72 0 1.66 0
1.32 1.4 -0.2 1.72 0 1.66 0
