1.31996 1.39993 -0.200234 1.72005 -0.000259699 1.6599 -0.00041753
1.31986 1.39973 -0.200925 1.72019 -0.00102732 1.65961 -0.00165167
1.31969 1.3994 -0.202058 1.72043 -0.00228563 1.65913 -0.00367473
1.31946 1.39894 -0.203617 1.72076 -0.00401744 1.65848 -0.00645903
1.31916 1.39837 -0.205587 1.72117 -0.0062055 1.65765 -0.00997689
1.31881 1.39768 -0.207953 1.72166 -0.00883262 1.65665 -0.0142006
1.31839 1.39688 -0.210698 1.72223 -0.0118816 1.6555 -0.0191026
1.31793 1.39597 -0.213808 1.72288 -0.0153351 1.65419 -0.024655
1.31741 1.39496 -0.217266 1.72361 -0.0191761 1.65274 -0.0308303
1.31684 1.39385 -0.221058 1.7244 -0.0233872 1.65114 -0.0376008
1.31622 1.39265 -0.225167 1.72526 -0.0279513 1.64941 -0.0449387
1.31556 1.39137 -0.229579 1.72618 -0.0328511 1.64756 -0.0528164
1.31486 1.39 -0.234277 1.72716 -0.0380695 1.64558 -0.0612062
1.31411 1.38855 -0.239247 1.7282 -0.0435892 1.64349 -0.0700805
1.31333 1.38702 -0.244473 1.72929 -0.0493929 1.64129 -0.0794114
1.31251 1.38542 -0.249939 1.73043 -0.0554636 1.63899 -0.0891715
1.31165 1.38376 -0.25563 1.73162 -0.0617839 1.6366 -0.0993329
1.31077 1.38204 -0.26153 1.73285 -0.0683366 1.63412 -0.109868
1.30985 1.38026 -0.267623 1.73413 -0.0751045 1.63155 -0.120749
1.30891 1.37843 -0.273895 1.73544 -0.0820705 1.62891 -0.131949
1.30795 1.37655 -0.28033 1.73678 -0.0892172 1.62621 -0.143439
1.30696 1.37463 -0.286912 1.73815 -0.0965275 1.62344 -0.155192
1.30595 1.37267 -0.293626 1.73956 -0.103984 1.62061 -0.16718
1.30493 1.37068 -0.300457 1.74098 -0.11157 1.61774 -0.179376
1.30389 1.36866 -0.307387 1.74243 -0.119268 1.61483 -0.191752
1.30284 1.36661 -0.314404 1.7439 -0.12706 1.61187 -0.204281
1.30177 1.36454 -0.32149 1.74538 -0.13493 1.60889 -0.216933
1.3007 1.36246 -0.32863 1.74687 -0.14286 1.60589 -0.229683
1.29962 1.36036 -0.335809 1.74837 -0.150833 1.60287 -0.242502
1.29854 1.35826 -0.343011 1.74987 -0.158832 1.59984 -0.255362
1.29746 1.35616 -0.350221 1.75138 -0.16684 1.59681 -0.268237
1.29638 1.35405 -0.357423 1.75288 -0.174839 1.59378 -0.281097
1.2953 1.35196 -0.364602 1.75438 -0.182812 1.59076 -0.293916
1.29423 1.34987 -0.371742 1.75587 -0.190742 1.58775 -0.306665
1.29317 1.34781 -0.378828 1.75736 -0.198612 1.58477 -0.319318
1.29212 1.34576 -0.385845 1.75882 -0.206404 1.58182 -0.331846
1.29108 1.34374 -0.392775 1.76027 -0.214102 1.57891 -0.344222
1.29005 1.34174 -0.399606 1.7617 -0.221688 1.57603 -0.356418
1.28904 1.33978 -0.40632 1.7631 -0.229144 1.57321 -0.368407
1.28806 1.33786 -0.412902 1.76447 -0.236455 1.57044 -0.38016
1.28709 1.33598 -0.419337 1.76582 -0.243602 1.56773 -0.39165
1.28615 1.33415 -0.425609 1.76713 -0.250567 1.56509 -0.40285
1.28524 1.33237 -0.431702 1.7684 -0.257335 1.56253 -0.413731
1.28435 1.33065 -0.437602 1.76963 -0.263888 1.56005 -0.424266
1.2835 1.32899 -0.443293 1.77082 -0.270208 1.55765 -0.434427
1.28268 1.3274 -0.448759 1.77196 -0.276279 1.55535 -0.444187
1.28189 1.32587 -0.453985 1.77305 -0.282083 1.55316 -0.453518
1.28115 1.32442 -0.458955 1.77409 -0.287602 1.55107 -0.462393
1.28044 1.32305 -0.463653 1.77507 -0.292821 1.54909 -0.470782
1.27978 1.32176 -0.468065 1.776 -0.297721 1.54723 -0.47866
1.27916 1.32056 -0.472174 1.77685 -0.302285 1.5455 -0.485998
1.2786 1.31946 -0.475966 1.77765 -0.306496 1.54391 -0.492768
1.27808 1.31845 -0.479424 1.77837 -0.310337 1.54245 -0.498944
1.27761 1.31754 -0.482534 1.77902 -0.31379 1.54115 -0.504496
1.2772 1.31674 -0.485279 1.77959 -0.316839 1.53999 -0.509398
1.27684 1.31605 -0.487645 1.78009 -0.319466 1.539 -0.513622
1.27655 1.31547 -0.489615 1.7805 -0.321655 1.53817 -0.51714
1.27631 1.31502 -0.491174 1.78082 -0.323386 1.53751 -0.519924
1.27614 1.31469 -0.492307 1.78106 -0.324645 1.53704 -0.521947
1.27604 1.31448 -0.492998 1.7812 -0.325412 1.53674 -0.523181
1.276 1.31442 -0.493232 1.78125 -0.325672 1.53665 -0.523599
1.27597 1.31435 -0.493466 1.7813 -0.325932 1.53655 -0.524016
1.27587 1.31415 -0.494157 1.78145 -0.326699 1.53626 -0.52525
1.2757 1.31382 -0.49529 1.78168 -0.327958 1.53578 -0.527274
1.27546 1.31336 -0.496849 1.78201 -0.329689 1.53512 -0.530058
1.27517 1.31279 -0.498819 1.78242 -0.331877 1.5343 -0.533576
1.27481 1.3121 -0.501185 1.78291 -0.334505 1.5333 -0.537799
1.2744 1.31129 -0.50393 1.78349 -0.337554 1.53215 -0.542701
1.27393 1.31039 -0.50704 1.78414 -0.341007 1.53084 -0.548254
1.27341 1.30938 -0.510498 1.78486 -0.344848 1.52938 -0.554429
1.27285 1.30827 -0.51429 1.78565 -0.349059 1.52779 -0.5612
1.27223 1.30707 -0.518399 1.78651 -0.353623 1.52606 -0.568537
1.27157 1.30578 -0.522811 1.78743 -0.358523 1.5242 -0.576415
1.27086 1.30441 -0.527509 1.78841 -0.363741 1.52223 -0.584805
1.27012 1.30296 -0.532479 1.78945 -0.369261 1.52014 -0.593679
1.26933 1.30144 -0.537705 1.79054 -0.375065 1.51794 -0.60301
1.26851 1.29984 -0.543171 1.79168 -0.381136 1.51564 -0.61277
1.26766 1.29818 -0.548862 1.79287 -0.387456 1.51324 -0.622932
1.26677 1.29646 -0.554762 1.79411 -0.394009 1.51076 -0.633467
1.26586 1.29468 -0.560855 1.79538 -0.400776 1.5082 -0.644348
1.26492 1.29285 -0.567127 1.79669 -0.407742 1.50556 -0.655547
1.26395 1.29097 -0.573562 1.79803 -0.414889 1.50285 -0.667038
1.26296 1.28905 -0.580144 1.79941 -0.422199 1.50008 -0.678791
1.26196 1.28709 -0.586858 1.80081 -0.429656 1.49726 -0.690779
1.26093 1.2851 -0.593688 1.80224 -0.437242 1.49439 -0.702975
1.25989 1.28307 -0.600619 1.80368 -0.44494 1.49147 -0.715351
1.25884 1.28103 -0.607636 1.80515 -0.452732 1.48852 -0.727879
1.25778 1.27896 -0.614722 1.80663 -0.460602 1.48554 -0.740532
1.25671 1.27687 -0.621862 1.80812 -0.468532 1.48254 -0.753282
1.25563 1.27478 -0.629041 1.80962 -0.476505 1.47952 -0.766101
1.25455 1.27268 -0.636243 1.81113 -0.484504 1.47649 -0.778961
1.25347 1.27057 -0.643453 1.81263 -0.492512 1.47345 -0.791835
1.25239 1.26847 -0.650655 1.81414 -0.500511 1.47042 -0.804696
1.25131 1.26638 -0.657834 1.81564 -0.508484 1.4674 -0.817515
1.25024 1.26429 -0.664974 1.81713 -0.516414 1.4644 -0.830264
1.24917 1.26222 -0.67206 1.81861 -0.524284 1.46142 -0.842917
1.24812 1.26018 -0.679077 1.82007 -0.532076 1.45847 -0.855445
1.24708 1.25815 -0.686007 1.82152 -0.539774 1.45555 -0.867821
1.24606 1.25616 -0.692838 1.82295 -0.54736 1.45268 -0.880017
1.24505 1.2542 -0.699552 1.82435 -0.554816 1.44985 -0.892006
1.24406 1.25228 -0.706134 1.82573 -0.562127 1.44708 -0.903759
1.2431 1.2504 -0.712568 1.82707 -0.569273 1.44438 -0.915249
1.24216 1.24857 -0.718841 1.82838 -0.576239 1.44174 -0.926448
1.24124 1.24679 -0.724934 1.82965 -0.583007 1.43918 -0.937329
1.24036 1.24507 -0.730834 1.83088 -0.58956 1.43669 -0.947865
1.2395 1.24341 -0.736525 1.83207 -0.59588 1.4343 -0.958026
1.23868 1.24181 -0.741991 1.83322 -0.601951 1.432 -0.967786
1.2379 1.24029 -0.747217 1.83431 -0.607755 1.4298 -0.977117
1.23715 1.23884 -0.752187 1.83534 -0.613274 1.42771 -0.985991
1.23645 1.23747 -0.756885 1.83633 -0.618493 1.42574 -0.994381
1.23579 1.23618 -0.761297 1.83725 -0.623393 1.42388 -1.00226
1.23517 1.23498 -0.765406 1.83811 -0.627957 1.42215 -1.0096
1.2346 1.23387 -0.769198 1.8389 -0.632168 1.42056 -1.01637
1.23408 1.23286 -0.772656 1.83962 -0.636009 1.4191 -1.02254
1.23361 1.23196 -0.775766 1.84027 -0.639462 1.41779 -1.02809
1.2332 1.23115 -0.778511 1.84084 -0.642511 1.41664 -1.033
1.23285 1.23046 -0.780877 1.84134 -0.645138 1.41564 -1.03722
1.23255 1.22989 -0.782847 1.84175 -0.647327 1.41481 -1.04074
1.23232 1.22943 -0.784406 1.84208 -0.649058 1.41416 -1.04352
1.23215 1.2291 -0.785539 1.84231 -0.650317 1.41368 -1.04555
1.23204 1.2289 -0.78623 1.84246 -0.651084 1.41339 -1.04678
1.23201 1.22883 -0.786464 1.84251 -0.651344 1.41329 -1.0472
1.23197 1.22876 -0.786698 1.84255 -0.651604 1.41319 -1.04762
1.23187 1.22856 -0.787389 1.8427 -0.652371 1.4129 -1.04885
1.2317 1.22823 -0.788522 1.84293 -0.65363 1.41243 -1.05087
1.23147 1.22778 -0.790081 1.84326 -0.655361 1.41177 -1.05366
1.23117 1.2272 -0.792051 1.84367 -0.657549 1.41094 -1.05717
1.23082 1.22651 -0.794417 1.84417 -0.660177 1.40995 -1.0614
1.2304 1.22571 -0.797162 1.84474 -0.663226 1.40879 -1.0663
1.22994 1.2248 -0.800272 1.84539 -0.666679 1.40748 -1.07185
1.22942 1.22379 -0.80373 1.84611 -0.67052 1.40603 -1.07803
1.22885 1.22269 -0.807522 1.8469 -0.674731 1.40443 -1.0848
1.22823 1.22149 -0.811631 1.84776 -0.679295 1.40271 -1.09214
1.22757 1.2202 -0.816043 1.84868 -0.684195 1.40085 -1.10001
1.22687 1.21883 -0.820741 1.84967 -0.689413 1.39887 -1.1084
1.22612 1.21738 -0.825711 1.8507 -0.694933 1.39678 -1.11728
1.22534 1.21585 -0.830937 1.85179 -0.700737 1.39458 -1.12661
1.22452 1.21426 -0.836403 1.85294 -0.706808 1.39228 -1.13637
1.22366 1.2126 -0.842094 1.85413 -0.713128 1.38989 -1.14653
1.22278 1.21087 -0.847994 1.85536 -0.719681 1.38741 -1.15707
1.22186 1.2091 -0.854087 1.85663 -0.726448 1.38485 -1.16795
1.22092 1.20727 -0.860359 1.85794 -0.733414 1.38221 -1.17915
1.21996 1.20539 -0.866794 1.85929 -0.740561 1.3795 -1.19064
1.21897 1.20347 -0.873376 1.86066 -0.747871 1.37673 -1.20239
1.21796 1.20151 -0.88009 1.86206 -0.755328 1.37391 -1.21438
1.21694 1.19951 -0.88692 1.86349 -0.762914 1.37103 -1.22657
1.2159 1.19749 -0.893851 1.86494 -0.770612 1.36812 -1.23895
1.21484 1.19544 -0.900868 1.8664 -0.778404 1.36517 -1.25148
1.21378 1.19337 -0.907954 1.86788 -0.786274 1.36219 -1.26413
1.21271 1.19129 -0.915094 1.86937 -0.794204 1.35918 -1.27688
1.21163 1.1892 -0.922273 1.87087 -0.802177 1.35616 -1.2897
1.21055 1.18709 -0.929475 1.87238 -0.810176 1.35313 -1.30256
1.20947 1.18499 -0.936685 1.87388 -0.818184 1.3501 -1.31543
1.20839 1.18289 -0.943887 1.87539 -0.826183 1.34707 -1.32829
1.20731 1.18079 -0.951066 1.87689 -0.834156 1.34405 -1.34111
1.20624 1.17871 -0.958206 1.87838 -0.842086 1.34105 -1.35386
1.20518 1.17664 -0.965292 1.87986 -0.849956 1.33806 -1.36652
1.20413 1.17459 -0.972309 1.88133 -0.857748 1.33511 -1.37904
1.20309 1.17257 -0.979239 1.88277 -0.865446 1.3322 -1.39142
1.20206 1.17058 -0.98607 1.8842 -0.873032 1.32932 -1.40362
1.20105 1.16862 -0.992783 1.8856 -0.880488 1.3265 -1.4156
1.20007 1.16669 -0.999366 1.88698 -0.887799 1.32373 -1.42736
1.1991 1.16482 -1.0058 1.88832 -0.894945 1.32102 -1.43885
1.19816 1.16299 -1.01207 1.88963 -0.901911 1.31839 -1.45005
1.19725 1.16121 -1.01817 1.8909 -0.908679 1.31582 -1.46093
1.19636 1.15949 -1.02407 1.89214 -0.915232 1.31334 -1.47146
1.19551 1.15782 -1.02976 1.89333 -0.921552 1.31095 -1.48162
1.19469 1.15623 -1.03522 1.89447 -0.927623 1.30865 -1.49138
1.1939 1.1547 -1.04045 1.89556 -0.933427 1.30645 -1.50072
1.19316 1.15325 -1.04542 1.8966 -0.938946 1.30436 -1.50959
1.19245 1.15188 -1.05012 1.89758 -0.944165 1.30238 -1.51798
1.19179 1.15059 -1.05453 1.8985 -0.949065 1.30053 -1.52586
1.19117 1.1494 -1.05864 1.89936 -0.953629 1.2988 -1.5332
1.1906 1.14829 -1.06243 1.90015 -0.95784 1.2972 -1.53997
1.19009 1.14728 -1.06589 1.90087 -0.961681 1.29575 -1.54614
1.18962 1.14637 -1.069 1.90152 -0.965134 1.29444 -1.55169
1.18921 1.14557 -1.07174 1.9021 -0.968183 1.29328 -1.5566
1.18885 1.14488 -1.07411 1.90259 -0.97081 1.29229 -1.56082
1.18856 1.14431 -1.07608 1.903 -0.972998 1.29146 -1.56434
1.18832 1.14385 -1.07764 1.90333 -0.97473 1.2908 -1.56712
1.18815 1.14352 -1.07877 1.90356 -0.975989 1.29033 -1.56914
1.18805 1.14332 -1.07946 1.90371 -0.976756 1.29004 -1.57038
1.18801 1.14325 -1.0797 1.90376 -0.977016 1.28994 -1.5708
1.18781 1.14306 -1.07987 1.90334 -0.977267 1.28958 -1.57088
1.18722 1.1425 -1.0804 1.90211 -0.978009 1.28852 -1.57114
1.18626 1.14158 -1.08126 1.90008 -0.979224 1.28678 -1.57156
1.18493 1.14032 -1.08245 1.8973 -0.980898 1.28439 -1.57213
1.18325 1.13872 -1.08395 1.89378 -0.983012 1.28136 -1.57286
1.18123 1.1368 -1.08575 1.88956 -0.98555 1.27773 -1.57373
1.17889 1.13457 -1.08785 1.88466 -0.988496 1.27352 -1.57474
1.17624 1.13205 -1.09022 1.8791 -0.991833 1.26875 -1.57589
1.17329 1.12925 -1.09285 1.87293 -0.995544 1.26344 -1.57717
1.17006 1.12617 -1.09574 1.86616 -0.999613 1.25762 -1.57857
1.16655 1.12284 -1.09887 1.85882 -1.00402 1.25132 -1.58008
1.16279 1.11926 -1.10223 1.85094 -1.00876 1.24455 -1.58171
1.15878 1.11545 -1.10581 1.84255 -1.0138 1.23734 -1.58345
1.15455 1.11142 -1.1096 1.83368 -1.01913 1.22971 -1.58528
1.15009 1.10719 -1.11358 1.82435 -1.02474 1.22169 -1.58721
1.14543 1.10276 -1.11774 1.81459 -1.0306 1.2133 -1.58923
1.14058 1.09814 -1.12208 1.80442 -1.03671 1.20457 -1.59133
1.13554 1.09336 -1.12657 1.79389 -1.04304 1.19551 -1.5935
1.13035 1.08842 -1.13121 1.78301 -1.04958 1.18616 -1.59575
1.125 1.08333 -1.13599 1.77181 -1.05631 1.17654 -1.59807
1.11951 1.07811 -1.14089 1.76032 -1.06322 1.16666 -1.60044
1.1139 1.07277 -1.14591 1.74857 -1.07028 1.15656 -1.60287
1.10817 1.06733 -1.15102 1.73658 -1.07748 1.14626 -1.60535
1.10235 1.06179 -1.15623 1.72438 -1.08481 1.13578 -1.60787
1.09644 1.05617 -1.16151 1.71201 -1.09225 1.12514 -1.61043
1.09046 1.05048 -1.16685 1.69948 -1.09978 1.11437 -1.61301
1.08441 1.04474 -1.17225 1.68682 -1.10738 1.1035 -1.61563
1.07833 1.03895 -1.17769 1.67407 -1.11505 1.09254 -1.61826
1.0722 1.03313 -1.18316 1.66126 -1.12275 1.08152 -1.62091
1.06606 1.02729 -1.18865 1.6484 -1.13048 1.07047 -1.62357
1.05991 1.02144 -1.19414 1.63552 -1.13822 1.05941 -1.62623
1.05377 1.0156 -1.19963 1.62266 -1.14594 1.04835 -1.62889
1.04765 1.00978 -1.2051 1.60984 -1.15365 1.03734 -1.63154
1.04156 1.00399 -1.21053 1.59709 -1.16131 1.02638 -1.63417
1.03552 0.998243 -1.21593 1.58444 -1.16891 1.0155 -1.63679
1.02954 0.992554 -1.22128 1.57191 -1.17644 1.00474 -1.63938
1.02363 0.986933 -1.22656 1.55954 -1.18388 0.994101 -1.64194
1.0178 0.981395 -1.23176 1.54734 -1.19121 0.983619 -1.64446
1.01208 0.975951 -1.23688 1.53535 -1.19841 0.973316 -1.64693
1.00646 0.970614 -1.24189 1.5236 -1.20548 0.963215 -1.64936
1.00098 0.965396 -1.24679 1.51211 -1.21238 0.95334 -1.65174
0.995629 0.96031 -1.25157 1.50091 -1.21911 0.943714 -1.65405
0.990432 0.955369 -1.25621 1.49003 -1.22565 0.934363 -1.6563
0.985401 0.950585 -1.26071 1.47949 -1.23198 0.925308 -1.65848
0.980548 0.94597 -1.26504 1.46933 -1.23809 0.916575 -1.66058
0.975887 0.941538 -1.26921 1.45957 -1.24396 0.908187 -1.6626
0.971431 0.937301 -1.27319 1.45024 -1.24956 0.900168 -1.66452
0.967193 0.933271 -1.27698 1.44137 -1.2549 0.892541 -1.66636
0.963186 0.929461 -1.28056 1.43298 -1.25994 0.88533 -1.66809
0.959424 0.925883 -1.28392 1.4251 -1.26467 0.87856 -1.66972
0.95592 0.922551 -1.28705 1.41776 -1.26908 0.872253 -1.67124
0.952687 0.919477 -1.28994 1.41099 -1.27315 0.866435 -1.67264
0.949738 0.916672 -1.29257 1.40481 -1.27686 0.861127 -1.67391
0.947086 0.914151 -1.29494 1.39926 -1.2802 0.856355 -1.67506
0.944745 0.911925 -1.29703 1.39436 -1.28314 0.852143 -1.67607
0.942728 0.910007 -1.29883 1.39014 -1.28568 0.848512 -1.67695
0.941048 0.908409 -1.30033 1.38662 -1.2878 0.845489 -1.67767
0.939718 0.907145 -1.30152 1.38383 -1.28947 0.843096 -1.67825
0.938752 0.906226 -1.30238 1.38181 -1.29069 0.841357 -1.67867
0.938163 0.905666 -1.30291 1.38058 -1.29143 0.840297 -1.67892
0.937963 0.905476 -1.30309 1.38016 -1.29168 0.839938 -1.67901
0.937707 0.905229 -1.30278 1.37977 -1.29137 0.839692 -1.67859
0.93695 0.904499 -1.30185 1.37862 -1.29048 0.838965 -1.67736
0.935709 0.903303 -1.30033 1.37674 -1.289 0.837773 -1.67533
0.934002 0.901656 -1.29824 1.37415 -1.28697 0.836133 -1.67255
0.931844 0.899575 -1.29559 1.37088 -1.28441 0.83406 -1.66903
0.929253 0.897077 -1.29242 1.36695 -1.28133 0.831572 -1.66481
0.926246 0.894177 -1.28873 1.36239 -1.27776 0.828684 -1.6599
0.92284 0.890893 -1.28456 1.35723 -1.27372 0.825413 -1.65435
0.919053 0.88724 -1.27992 1.35149 -1.26922 0.821775 -1.64818
0.9149 0.883235 -1.27483 1.34519 -1.26429 0.817786 -1.64141
0.910399 0.878895 -1.26932 1.33837 -1.25894 0.813463 -1.63407
0.905567 0.874235 -1.2634 1.33104 -1.2532 0.808822 -1.62619
0.900421 0.869273 -1.25709 1.32324 -1.24709 0.803879 -1.6178
0.894977 0.864024 -1.25042 1.31498 -1.24062 0.798651 -1.60893
0.889254 0.858504 -1.24341 1.30631 -1.23383 0.793154 -1.5996
0.883267 0.852731 -1.23607 1.29723 -1.22672 0.787404 -1.58984
0.877034 0.846721 -1.22844 1.28778 -1.21931 0.781417 -1.57967
0.870572 0.840489 -1.22052 1.27798 -1.21164 0.77521 -1.56914
0.863898 0.834053 -1.21234 1.26786 -1.20371 0.7688 -1.55826
0.857028 0.827428 -1.20393 1.25745 -1.19555 0.762202 -1.54706
0.84998 0.820632 -1.19529 1.24676 -1.18718 0.755432 -1.53557
0.842771 0.81368 -1.18646 1.23583 -1.17862 0.748508 -1.52382
0.835418 0.806589 -1.17745 1.22468 -1.16989 0.741445 -1.51183
0.827937 0.799375 -1.16828 1.21334 -1.161 0.73426 -1.49963
0.820346 0.792054 -1.15898 1.20183 -1.15199 0.726969 -1.48726
0.812661 0.784644 -1.14957 1.19018 -1.14286 0.719588 -1.47473
0.8049 0.77716 -1.14006 1.17841 -1.13364 0.712134 -1.46207
0.79708 0.769618 -1.13048 1.16655 -1.12435 0.704623 -1.44932
0.789217 0.762036 -1.12084 1.15463 -1.11501 0.697071 -1.43651
0.781328 0.754429 -1.11118 1.14267 -1.10564 0.689494 -1.42365
0.773431 0.746814 -1.1015 1.1307 -1.09627 0.681909 -1.41077
0.765543 0.739207 -1.09184 1.11874 -1.0869 0.674333 -1.39791
0.75768 0.731625 -1.0822 1.10682 -1.07756 0.666781 -1.38509
0.74986 0.724083 -1.07262 1.09496 -1.06827 0.659269 -1.37234
0.742099 0.716599 -1.06311 1.08319 -1.05905 0.651815 -1.35969
0.734414 0.709189 -1.0537 1.07154 -1.04992 0.644434 -1.34716
0.726823 0.701868 -1.0444 1.06003 -1.04091 0.637143 -1.33479
0.719342 0.694654 -1.03523 1.04869 -1.03202 0.629958 -1.32259
0.711989 0.687563 -1.02622 1.03754 -1.02329 0.622895 -1.3106
0.704779 0.680611 -1.01739 1.02661 -1.01473 0.615971 -1.29885
0.697732 0.673815 -1.00875 1.01592 -1.00636 0.609202 -1.28736
0.690862 0.66719 -1.00034 1.00551 -0.998198 0.602603 -1.27616
0.684188 0.660754 -0.992159 0.995388 -0.990271 0.596193 -1.26528
0.677726 0.654522 -0.984242 0.98559 -0.982596 0.589986 -1.25474
0.671493 0.648512 -0.976605 0.97614 -0.975194 0.584 -1.24458
0.665506 0.642739 -0.96927 0.967063 -0.968083 0.57825 -1.23482
0.659783 0.63722 -0.962258 0.958385 -0.961285 0.572753 -1.22549
0.654339 0.63197 -0.955588 0.950132 -0.95482 0.567524 -1.21661
0.649193 0.627008 -0.949283 0.94233 -0.948708 0.562582 -1.20823
0.644361 0.622348 -0.943363 0.935003 -0.942969 0.557941 -1.20035
0.63986 0.618008 -0.937848 0.928179 -0.937624 0.553617 -1.19301
0.635707 0.614003 -0.93276 0.921883 -0.932691 0.549629 -1.18624
0.631919 0.61035 -0.928119 0.916139 -0.928193 0.545991 -1.18006
0.628514 0.607066 -0.923946 0.910976 -0.924147 0.542719 -1.17451
0.625507 0.604167 -0.920262 0.906417 -0.920576 0.539832 -1.16961
0.622916 0.601668 -0.917088 0.902489 -0.917499 0.537343 -1.16539
0.620758 0.599587 -0.914444 0.899217 -0.914937 0.535271 -1.16187
0.61905 0.59794 -0.912352 0.896628 -0.912908 0.53363 -1.15908
0.617809 0.596744 -0.910831 0.894746 -0.911434 0.532438 -1.15706
0.617052 0.596014 -0.909904 0.893599 -0.910535 0.531711 -1.15583
0.616796 0.595767 -0.90959 0.89321 -0.910231 0.531465 -1.15541
0.616573 0.595552 -0.909261 0.892887 -0.909902 0.531273 -1.15499
0.615915 0.594915 -0.90829 0.891933 -0.90893 0.530706 -1.15376
0.614835 0.593872 -0.906697 0.890369 -0.907336 0.529775 -1.15173
0.613348 0.592436 -0.904505 0.888217 -0.905143 0.528494 -1.14895
0.61147 0.590622 -0.901736 0.885497 -0.902371 0.526876 -1.14543
0.609216 0.588445 -0.898411 0.882232 -0.899044 0.524933 -1.14121
0.606599 0.585917 -0.894552 0.878443 -0.895182 0.522679 -1.13631
0.603635 0.583054 -0.890181 0.87415 -0.890808 0.520125 -1.13075
0.600338 0.57987 -0.885319 0.869376 -0.885943 0.517284 -1.12458
0.596724 0.576379 -0.879989 0.864142 -0.880609 0.51417 -1.11781
0.592806 0.572595 -0.874212 0.85847 -0.874828 0.510794 -1.11047
0.588601 0.568533 -0.868011 0.85238 -0.868622 0.507171 -1.10259
0.584122 0.564207 -0.861406 0.845894 -0.862013 0.503312 -1.0942
0.579385 0.559631 -0.85442 0.839033 -0.855022 0.49923 -1.08533
0.574404 0.55482 -0.847074 0.83182 -0.847671 0.494938 -1.076
0.569194 0.549787 -0.83939 0.824275 -0.839982 0.490448 -1.06624
0.563769 0.544547 -0.831391 0.816419 -0.831977 0.485774 -1.05608
0.558145 0.539115 -0.823097 0.808275 -0.823677 0.480928 -1.04554
0.552336 0.533505 -0.814531 0.799863 -0.815105 0.475923 -1.03466
0.546358 0.52773 -0.805714 0.791205 -0.806282 0.470772 -1.02346
0.540224 0.521805 -0.796668 0.782322 -0.79723 0.465486 -1.01197
0.53395 0.515745 -0.787416 0.773236 -0.787971 0.46008 -1.00022
0.52755 0.509563 -0.777978 0.763968 -0.778526 0.454566 -0.988228
0.521039 0.503274 -0.768377 0.75454 -0.768918 0.448956 -0.976032
0.514432 0.496893 -0.758634 0.744972 -0.759168 0.443263 -0.963656
0.507744 0.490433 -0.748771 0.735287 -0.749299 0.4375 -0.951128
0.50099 0.483909 -0.73881 0.725506 -0.739331 0.43168 -0.938475
0.494184 0.477335 -0.728773 0.715649 -0.729287 0.425816 -0.925726
0.487341 0.470725 -0.718682 0.70574 -0.719188 0.419919 -0.912907
0.480475 0.464094 -0.708557 0.695798 -0.709057 0.414004 -0.900046
0.473603 0.457455 -0.698422 0.685845 -0.698914 0.408082 -0.887172
0.466737 0.450824 -0.688298 0.675903 -0.688783 0.402166 -0.874312
0.459894 0.444214 -0.678206 0.665993 -0.678684 0.39627 -0.861493
0.453088 0.43764 -0.668169 0.656137 -0.66864 0.390405 -0.848743
0.446333 0.431116 -0.658208 0.646355 -0.658672 0.384585 -0.83609
0.439645 0.424656 -0.648346 0.63667 -0.648802 0.378823 -0.823562
0.433039 0.418274 -0.638603 0.627103 -0.639053 0.37313 -0.811186
0.426528 0.411986 -0.629001 0.617674 -0.629445 0.36752 -0.79899
0.420128 0.405804 -0.619564 0.608406 -0.62 0.362005 -0.787002
0.413854 0.399744 -0.610311 0.599321 -0.610741 0.356599 -0.775249
0.40772 0.393819 -0.601265 0.590438 -0.601689 0.351314 -0.763759
0.401742 0.388044 -0.592449 0.58178 -0.592866 0.346162 -0.752559
0.395933 0.382434 -0.583882 0.573368 -0.584294 0.341157 -0.741678
0.390309 0.377001 -0.575589 0.565224 -0.575994 0.336311 -0.731143
0.384884 0.371762 -0.567589 0.557368 -0.567989 0.331637 -0.720981
0.379674 0.366729 -0.559906 0.549823 -0.5603 0.327148 -0.711221
0.374693 0.361918 -0.55256 0.542609 -0.552949 0.322856 -0.70189
0.369955 0.357342 -0.545574 0.535749 -0.545958 0.318774 -0.693016
0.365477 0.353016 -0.538969 0.529263 -0.539349 0.314915 -0.684626
0.361271 0.348954 -0.532767 0.523173 -0.533143 0.311291 -0.676749
0.357354 0.34517 -0.52699 0.5175 -0.527362 0.307916 -0.669411
0.35374 0.341679 -0.52166 0.512266 -0.522028 0.304802 -0.66264
0.350443 0.338495 -0.516799 0.507492 -0.517163 0.301961 -0.656465
0.347479 0.335632 -0.512428 0.5032 -0.512789 0.299407 -0.650912
0.344862 0.333104 -0.508569 0.49941 -0.508927 0.297152 -0.646011
0.342608 0.330926 -0.505244 0.496145 -0.5056 0.295209 -0.641787
0.34073 0.329113 -0.502474 0.493426 -0.502828 0.293591 -0.638269
0.339243 0.327677 -0.500282 0.491273 -0.500635 0.29231 -0.635485
0.338163 0.326634 -0.49869 0.489709 -0.499041 0.29138 -0.633462
0.337504 0.325997 -0.497718 0.488755 -0.498069 0.290812 -0.632227
0.337282 0.325782 -0.497389 0.488432 -0.49774 0.29062 -0.63181
0.337059 0.325567 -0.497061 0.48811 -0.497411 0.290428 -0.631392
0.3364 0.32493 -0.496089 0.487156 -0.496439 0.28986 -0.630158
0.33532 0.323887 -0.494496 0.485592 -0.494845 0.28893 -0.628135
0.333833 0.322452 -0.492305 0.483439 -0.492651 0.287649 -0.625351
0.331956 0.320638 -0.489535 0.48072 -0.48988 0.286031 -0.621833
0.329701 0.31846 -0.48621 0.477454 -0.486553 0.284088 -0.617609
0.327084 0.315932 -0.482351 0.473665 -0.482691 0.281833 -0.612707
0.32412 0.313069 -0.47798 0.469372 -0.478317 0.279279 -0.607155
0.320823 0.309885 -0.473118 0.464598 -0.473452 0.276439 -0.60098
0.317209 0.306394 -0.467788 0.459364 -0.468118 0.273325 -0.594209
0.313292 0.30261 -0.462012 0.453692 -0.462337 0.269949 -0.586871
0.309086 0.298548 -0.45581 0.447602 -0.456131 0.266326 -0.578994
0.304608 0.294222 -0.449205 0.441116 -0.449522 0.262467 -0.570604
0.29987 0.289646 -0.442219 0.434255 -0.442531 0.258385 -0.561729
0.294889 0.284835 -0.434873 0.427042 -0.43518 0.254092 -0.552398
0.289679 0.279802 -0.42719 0.419497 -0.427491 0.249603 -0.542638
0.284254 0.274563 -0.41919 0.411641 -0.419485 0.244929 -0.532477
0.27863 0.26913 -0.410896 0.403497 -0.411186 0.240083 -0.521942
0.272822 0.26352 -0.40233 0.395085 -0.402614 0.235078 -0.511061
0.266843 0.257745 -0.393513 0.386427 -0.393791 0.229926 -0.499861
0.260709 0.25182 -0.384468 0.377544 -0.384739 0.224641 -0.488371
0.254435 0.24576 -0.375215 0.368458 -0.37548 0.219235 -0.476618
0.248035 0.239578 -0.365777 0.359191 -0.366035 0.21372 -0.464629
0.241524 0.23329 -0.356176 0.349762 -0.356427 0.208111 -0.452433
0.234918 0.226908 -0.346433 0.340195 -0.346677 0.202418 -0.440058
0.22823 0.220448 -0.33657 0.33051 -0.336808 0.196655 -0.427529
0.221475 0.213924 -0.32661 0.320728 -0.32684 0.190835 -0.414877
0.214669 0.20735 -0.316572 0.310872 -0.316796 0.18497 -0.402127
0.207826 0.20074 -0.306481 0.300962 -0.306697 0.179074 -0.389308
0.20096 0.194109 -0.296357 0.29102 -0.296565 0.173159 -0.376448
0.194088 0.18747 -0.286221 0.281067 -0.286423 0.167237 -0.363573
0.187222 0.180839 -0.276097 0.271125 -0.276292 0.161321 -0.350713
0.180379 0.174229 -0.266006 0.261215 -0.266193 0.155425 -0.337894
0.173573 0.167655 -0.255968 0.251359 -0.256149 0.14956 -0.325144
0.166819 0.161131 -0.246008 0.241578 -0.246181 0.14374 -0.312492
0.160131 0.154671 -0.236145 0.231892 -0.236311 0.137977 -0.299964
0.153524 0.14829 -0.226402 0.222325 -0.226561 0.132285 -0.287588
0.147013 0.142001 -0.216801 0.212897 -0.216953 0.126675 -0.275392
0.140613 0.135819 -0.207363 0.203629 -0.207509 0.12116 -0.263403
0.134339 0.129759 -0.19811 0.194543 -0.19825 0.115754 -0.25165
0.128205 0.123834 -0.189065 0.18566 -0.189198 0.110469 -0.24016
0.122227 0.11806 -0.180248 0.177002 -0.180375 0.105317 -0.22896
0.116418 0.112449 -0.171682 0.16859 -0.171803 0.100312 -0.218079
0.110794 0.107017 -0.163388 0.160446 -0.163503 0.0954662 -0.207544
0.10537 0.101777 -0.155389 0.15259 -0.155498 0.0907921 -0.197383
0.100159 0.0967444 -0.147705 0.145045 -0.147809 0.0863027 -0.187623
0.0951781 0.091933 -0.140359 0.137832 -0.140458 0.0820106 -0.178292
0.0904407 0.0873572 -0.133373 0.130971 -0.133467 0.0779287 -0.169417
0.0859619 0.0830311 -0.126768 0.124485 -0.126857 0.0740695 -0.161028
0.0817566 0.0789691 -0.120566 0.118395 -0.120651 0.0704459 -0.15315
0.0778393 0.0751854 -0.11479 0.112723 -0.114871 0.0670706 -0.145812
0.074225 0.0716944 -0.10946 0.107489 -0.109537 0.0639563 -0.139041
0.0709285 0.0685102 -0.104598 0.102715 -0.104672 0.0611158 -0.132866
0.0679644 0.0656471 -0.100227 0.0984222 -0.100298 0.0585618 -0.127314
0.0653475 0.0631195 -0.0963681 0.0946327 -0.096436 0.056307 -0.122412
0.0630928 0.0609416 -0.093043 0.0913674 -0.0931085 0.0543642 -0.118188
0.0612148 0.0591277 -0.0902735 0.0886479 -0.0903372 0.052746 -0.11467
0.0597285 0.057692 -0.0880816 0.0864954 -0.0881437 0.0514653 -0.111886
0.0586485 0.0566489 -0.086489 0.0849315 -0.0865499 0.0505347 -0.109863
0.0579897 0.0560125 -0.0855174 0.0839774 -0.0855777 0.0499671 -0.108629
0.0577668 0.0557972 -0.0851887 0.0836546 -0.0852487 0.049775 -0.108211
0.0567939 0.0548575 -0.083754 0.0822458 -0.083813 0.0489367 -0.106389
0.0540857 0.0522416 -0.0797602 0.0783239 -0.0798164 0.0466032 -0.101316
0.0499576 0.0482543 -0.0736725 0.0723458 -0.0737244 0.0430462 -0.0935827
0.0447252 0.0432003 -0.0659563 0.0647686 -0.0660028 0.0385377 -0.0837811
0.038704 0.0373844 -0.0570768 0.056049 -0.057117 0.0333495 -0.0725019
0.0322095 0.0311113 -0.0474994 0.046644 -0.0475329 0.0277535 -0.0603362
0.0255573 0.0246859 -0.0376893 0.0370106 -0.0377159 0.0220215 -0.0478749
0.0190628 0.0184128 -0.0281119 0.0276056 -0.0281317 0.0164255 -0.0357092
0.0130416 0.0125969 -0.0192324 0.0188861 -0.019246 0.0112373 -0.02443
0.00780916 0.00754291 -0.0115162 0.0113088 -0.0115243 0.0067288 -0.0146284
0.00368109 0.00355558 -0.0054285 0.00533075 -0.00543233 0.00317183 -0.00689557
0.000972859 0.000939689 -0.00143468 0.00140884 -0.00143569 0.000838268 -0.0018224
0 0 0 0 0 0 0
