-0.87 0.9 -0.59 -0.76 0 0 0
-0.869929 0.899196 -0.591042 -0.756973 -0.0017928 -0.000867102 -0.0010071
-0.869747 0.897122 -0.593728 -0.749166 -0.00641634 -0.00310331 -0.00360436
-0.869498 0.894286 -0.597401 -0.73849 -0.0127383 -0.00616099 -0.00715572
-0.869226 0.891196 -0.601403 -0.726859 -0.0196265 -0.00949248 -0.0110251
-0.868977 0.88836 -0.605076 -0.716184 -0.0259484 -0.0125502 -0.0145765
-0.868794 0.886286 -0.607762 -0.708377 -0.030572 -0.0147864 -0.0171737
-0.868723 0.885482 -0.608804 -0.70535 -0.0323648 -0.0156535 -0.0181808
-0.868714 0.885371 -0.608947 -0.704932 -0.0326121 -0.0157731 -0.0183197
-0.868685 0.885043 -0.609372 -0.703698 -0.0333429 -0.0161266 -0.0187303
-0.868638 0.884506 -0.610068 -0.701675 -0.034541 -0.016706 -0.0194033
-0.868573 0.883766 -0.611026 -0.698891 -0.0361899 -0.0175035 -0.0203296
-0.86849 0.882831 -0.612237 -0.695373 -0.0382732 -0.0185111 -0.0214999
-0.868392 0.881709 -0.61369 -0.691149 -0.0407746 -0.0197209 -0.022905
-0.868277 0.880407 -0.615377 -0.686247 -0.0436776 -0.021125 -0.0245358
-0.868148 0.878932 -0.617287 -0.680695 -0.0469659 -0.0227154 -0.026383
-0.868003 0.877292 -0.619412 -0.674519 -0.050623 -0.0244842 -0.0284373
-0.867845 0.875493 -0.621741 -0.667749 -0.0546325 -0.0264234 -0.0306897
-0.867674 0.873544 -0.624266 -0.660411 -0.0589781 -0.0285252 -0.0331308
-0.86749 0.871451 -0.626977 -0.652533 -0.0636434 -0.0307816 -0.0357515
-0.867294 0.869222 -0.629863 -0.644143 -0.068612 -0.0331847 -0.0385426
-0.867087 0.866865 -0.632917 -0.635269 -0.0738674 -0.0357265 -0.0414949
-0.866869 0.864386 -0.636127 -0.625938 -0.0793934 -0.0383992 -0.044599
-0.866641 0.861793 -0.639485 -0.616178 -0.0851734 -0.0411948 -0.047846
-0.866403 0.859094 -0.642982 -0.606017 -0.0911912 -0.0441053 -0.0512264
-0.866157 0.856295 -0.646607 -0.595482 -0.0974303 -0.0471229 -0.0547312
-0.865903 0.853404 -0.650351 -0.5846 -0.103874 -0.0502395 -0.0583511
-0.865641 0.850429 -0.654204 -0.573401 -0.110507 -0.0534474 -0.0620769
-0.865373 0.847377 -0.658158 -0.561911 -0.117311 -0.0567385 -0.0658994
-0.865099 0.844254 -0.662201 -0.550158 -0.124272 -0.060105 -0.0698093
-0.864819 0.84107 -0.666326 -0.538169 -0.131371 -0.0635388 -0.0737976
-0.864534 0.83783 -0.670523 -0.525973 -0.138594 -0.0670321 -0.0778549
-0.864245 0.834542 -0.674781 -0.513597 -0.145923 -0.0705769 -0.0819721
-0.863952 0.831214 -0.679092 -0.501069 -0.153343 -0.0741654 -0.0861399
-0.863656 0.827853 -0.683445 -0.488416 -0.160836 -0.0777895 -0.0903492
-0.863359 0.824466 -0.687832 -0.475667 -0.168386 -0.0814414 -0.0945907
-0.863059 0.82106 -0.692243 -0.462848 -0.175978 -0.085113 -0.0988552
-0.862759 0.817644 -0.696668 -0.449987 -0.183594 -0.0887966 -0.103134
-0.862458 0.814224 -0.701097 -0.437113 -0.191218 -0.0924842 -0.107416
-0.862158 0.810807 -0.705522 -0.424253 -0.198834 -0.0961678 -0.111695
-0.861858 0.807402 -0.709933 -0.411434 -0.206426 -0.0998395 -0.115959
-0.86156 0.804015 -0.71432 -0.398684 -0.213977 -0.103491 -0.120201
-0.861265 0.800654 -0.718673 -0.386031 -0.22147 -0.107115 -0.12441
-0.860972 0.797325 -0.722984 -0.373503 -0.228889 -0.110704 -0.128578
-0.860683 0.794038 -0.727242 -0.361127 -0.236218 -0.114249 -0.132695
-0.860398 0.790798 -0.731438 -0.348931 -0.243441 -0.117742 -0.136752
-0.860118 0.787613 -0.735563 -0.336943 -0.250541 -0.121176 -0.140741
-0.859844 0.784491 -0.739607 -0.32519 -0.257501 -0.124542 -0.144651
-0.859575 0.781438 -0.743561 -0.3137 -0.264306 -0.127833 -0.148473
-0.859314 0.778463 -0.747414 -0.3025 -0.270938 -0.131041 -0.152199
-0.85906 0.775572 -0.751158 -0.291619 -0.277382 -0.134158 -0.155819
-0.858814 0.772774 -0.754783 -0.281084 -0.283621 -0.137176 -0.159324
-0.858576 0.770074 -0.758279 -0.270922 -0.289639 -0.140086 -0.162704
-0.858348 0.767482 -0.761637 -0.261162 -0.295419 -0.142882 -0.165951
-0.85813 0.765003 -0.764848 -0.251831 -0.300945 -0.145554 -0.169055
-0.857923 0.762645 -0.767901 -0.242957 -0.3062 -0.148096 -0.172007
-0.857727 0.760416 -0.770788 -0.234567 -0.311169 -0.150499 -0.174798
-0.857543 0.758324 -0.773499 -0.226689 -0.315834 -0.152756 -0.177419
-0.857372 0.756374 -0.776023 -0.219352 -0.32018 -0.154857 -0.17986
-0.857214 0.754576 -0.778353 -0.212581 -0.324189 -0.156797 -0.182113
-0.857069 0.752935 -0.780478 -0.206406 -0.327847 -0.158565 -0.184167
-0.85694 0.75146 -0.782388 -0.200853 -0.331135 -0.160156 -0.186014
-0.856825 0.750158 -0.784075 -0.195951 -0.334038 -0.16156 -0.187645
-0.856726 0.749036 -0.785528 -0.191728 -0.336539 -0.16277 -0.18905
-0.856644 0.748101 -0.786739 -0.18821 -0.338622 -0.163777 -0.19022
-0.856579 0.747362 -0.787697 -0.185426 -0.340271 -0.164575 -0.191147
-0.856532 0.746824 -0.788393 -0.183402 -0.341469 -0.165154 -0.19182
-0.856503 0.746496 -0.788817 -0.182168 -0.3422 -0.165508 -0.19223
-0.856493 0.746386 -0.788961 -0.181751 -0.342448 -0.165627 -0.192369
-0.856484 0.746275 -0.789105 -0.181333 -0.342695 -0.165747 -0.192508
-0.856455 0.745947 -0.789529 -0.180099 -0.343426 -0.1661 -0.192919
-0.856408 0.745409 -0.790225 -0.178076 -0.344624 -0.16668 -0.193592
-0.856343 0.74467 -0.791183 -0.175292 -0.346273 -0.167477 -0.194518
-0.85626 0.743735 -0.792394 -0.171774 -0.348356 -0.168485 -0.195688
-0.856162 0.742613 -0.793847 -0.16755 -0.350857 -0.169695 -0.197093
-0.856047 0.741311 -0.795534 -0.162648 -0.35376 -0.171099 -0.198724
-0.855918 0.739836 -0.797444 -0.157096 -0.357049 -0.172689 -0.200571
-0.855773 0.738195 -0.799569 -0.15092 -0.360706 -0.174458 -0.202626
-0.855615 0.736397 -0.801898 -0.14415 -0.364715 -0.176397 -0.204878
-0.855444 0.734447 -0.804423 -0.136812 -0.369061 -0.178499 -0.207319
-0.85526 0.732355 -0.807134 -0.128934 -0.373726 -0.180755 -0.20994
-0.855064 0.730126 -0.81002 -0.120545 -0.378695 -0.183159 -0.212731
-0.854856 0.727768 -0.813074 -0.11167 -0.38395 -0.1857 -0.215683
-0.854639 0.725289 -0.816284 -0.102339 -0.389476 -0.188373 -0.218787
-0.854411 0.722697 -0.819643 -0.0925793 -0.395256 -0.191169 -0.222034
-0.854173 0.719997 -0.823139 -0.0824179 -0.401274 -0.194079 -0.225415
-0.853927 0.717199 -0.826764 -0.0718827 -0.407513 -0.197097 -0.228919
-0.853673 0.714308 -0.830508 -0.0610016 -0.413957 -0.200213 -0.232539
-0.853411 0.711333 -0.834361 -0.0498021 -0.42059 -0.203421 -0.236265
-0.853143 0.70828 -0.838315 -0.0383119 -0.427394 -0.206712 -0.240088
-0.852868 0.705158 -0.842359 -0.0265588 -0.434355 -0.210079 -0.243998
-0.852588 0.701973 -0.846483 -0.0145704 -0.441454 -0.213513 -0.247986
-0.852304 0.698733 -0.85068 -0.00237436 -0.448677 -0.217006 -0.252043
-0.852014 0.695446 -0.854938 0.0100016 -0.456006 -0.220551 -0.25616
-0.851722 0.692117 -0.859249 0.0225298 -0.463426 -0.224139 -0.260328
-0.851426 0.688756 -0.863602 0.0351826 -0.470919 -0.227763 -0.264537
-0.851129 0.685369 -0.867989 0.0479322 -0.478469 -0.231415 -0.268779
-0.850829 0.681964 -0.8724 0.0607511 -0.486061 -0.235087 -0.273043
-0.850529 0.678547 -0.876825 0.0736115 -0.493677 -0.238771 -0.277322
-0.850228 0.675127 -0.881254 0.0864857 -0.501301 -0.242458 -0.281605
-0.849928 0.671711 -0.885679 0.0993461 -0.508917 -0.246142 -0.285883
-0.849628 0.668305 -0.89009 0.112165 -0.516509 -0.249813 -0.290148
-0.84933 0.664918 -0.894477 0.124915 -0.524059 -0.253465 -0.294389
-0.849035 0.661557 -0.89883 0.137567 -0.531553 -0.257089 -0.298598
-0.848742 0.658229 -0.903141 0.150096 -0.538972 -0.260678 -0.302766
-0.848453 0.654941 -0.907399 0.162472 -0.546301 -0.264223 -0.306883
-0.848168 0.651701 -0.911595 0.174668 -0.553524 -0.267716 -0.310941
-0.847888 0.648517 -0.91572 0.186656 -0.560623 -0.27115 -0.314929
-0.847614 0.645394 -0.919764 0.198409 -0.567584 -0.274516 -0.318839
-0.847345 0.642342 -0.923718 0.209899 -0.574389 -0.277807 -0.322661
-0.847084 0.639367 -0.927571 0.221099 -0.581021 -0.281015 -0.326387
-0.84683 0.636476 -0.931315 0.23198 -0.587465 -0.284132 -0.330007
-0.846584 0.633677 -0.93494 0.242515 -0.593704 -0.287149 -0.333512
-0.846346 0.630978 -0.938436 0.252676 -0.599722 -0.29006 -0.336892
-0.846118 0.628385 -0.941795 0.262437 -0.605502 -0.292855 -0.340139
-0.8459 0.625906 -0.945005 0.271768 -0.611028 -0.295528 -0.343243
-0.845693 0.623549 -0.948058 0.280642 -0.616283 -0.29807 -0.346196
-0.845497 0.62132 -0.950945 0.289032 -0.621252 -0.300473 -0.348987
-0.845313 0.619227 -0.953656 0.296909 -0.625917 -0.302729 -0.351607
-0.845142 0.617278 -0.956181 0.304247 -0.630263 -0.304831 -0.354049
-0.844983 0.615479 -0.95851 0.311018 -0.634272 -0.306771 -0.356301
-0.844839 0.613839 -0.960635 0.317193 -0.637929 -0.308539 -0.358355
-0.84471 0.612364 -0.962545 0.322745 -0.641218 -0.31013 -0.360202
-0.844595 0.611062 -0.964232 0.327647 -0.644121 -0.311534 -0.361833
-0.844496 0.60994 -0.965685 0.331871 -0.646622 -0.312744 -0.363238
-0.844414 0.609005 -0.966896 0.335389 -0.648705 -0.313751 -0.364409
-0.844349 0.608265 -0.967854 0.338173 -0.650354 -0.314549 -0.365335
-0.844302 0.607728 -0.96855 0.340196 -0.651552 -0.315128 -0.366008
-0.844273 0.6074 -0.968974 0.34143 -0.652283 -0.315482 -0.366418
-0.844263 0.607289 -0.969118 0.341848 -0.65253 -0.315601 -0.366557
-0.844176 0.607359 -0.969361 0.342266 -0.652651 -0.315403 -0.366588
-0.843917 0.607565 -0.970078 0.3435 -0.653006 -0.314817 -0.366678
-0.843492 0.607902 -0.971253 0.345523 -0.653587 -0.313856 -0.366826
-0.842908 0.608367 -0.972871 0.348307 -0.654388 -0.312533 -0.36703
-0.84217 0.608954 -0.974916 0.351825 -0.6554 -0.310862 -0.367288
-0.841284 0.609658 -0.97737 0.356049 -0.656615 -0.308856 -0.367597
-0.840255 0.610476 -0.980219 0.360951 -0.658025 -0.306527 -0.367956
-0.83909 0.611402 -0.983446 0.366503 -0.659622 -0.30389 -0.368363
-0.837794 0.612433 -0.987034 0.372678 -0.661398 -0.300956 -0.368815
-0.836373 0.613562 -0.990969 0.379449 -0.663346 -0.29774 -0.369311
-0.834834 0.614787 -0.995233 0.386787 -0.665456 -0.294254 -0.369848
-0.833181 0.616101 -0.999811 0.394664 -0.667722 -0.290512 -0.370425
-0.83142 0.617501 -1.00469 0.403054 -0.670135 -0.286527 -0.371039
-0.829558 0.618981 -1.00984 0.411928 -0.672688 -0.282311 -0.371689
-0.8276 0.620538 -1.01527 0.421259 -0.675372 -0.277879 -0.372373
-0.825552 0.622166 -1.02094 0.431019 -0.678179 -0.273243 -0.373087
-0.82342 0.623861 -1.02684 0.441181 -0.681102 -0.268416 -0.373831
-0.821209 0.625619 -1.03297 0.451716 -0.684132 -0.263411 -0.374603
-0.818926 0.627434 -1.03929 0.462597 -0.687262 -0.258243 -0.3754
-0.816576 0.629303 -1.0458 0.473797 -0.690483 -0.252923 -0.37622
-0.814165 0.63122 -1.05247 0.485287 -0.693788 -0.247465 -0.377061
-0.811699 0.633181 -1.0593 0.49704 -0.697169 -0.241882 -0.377922
-0.809183 0.635181 -1.06627 0.509028 -0.700617 -0.236187 -0.3788
-0.806624 0.637215 -1.07336 0.521224 -0.704125 -0.230393 -0.379693
-0.804027 0.63928 -1.08055 0.5336 -0.707685 -0.224515 -0.380599
-0.801399 0.64137 -1.08783 0.546129 -0.711288 -0.218563 -0.381516
-0.798744 0.643481 -1.09518 0.558781 -0.714928 -0.212553 -0.382443
-0.796068 0.645608 -1.10259 0.571531 -0.718595 -0.206497 -0.383377
-0.793378 0.647747 -1.11004 0.58435 -0.722282 -0.200407 -0.384315
-0.79068 0.649893 -1.11752 0.59721 -0.725981 -0.194298 -0.385257
-0.787978 0.652041 -1.125 0.610084 -0.729684 -0.188183 -0.3862
-0.78528 0.654186 -1.13247 0.622945 -0.733383 -0.182074 -0.387141
-0.78259 0.656325 -1.13992 0.635764 -0.73707 -0.175985 -0.38808
-0.779915 0.658452 -1.14733 0.648513 -0.740737 -0.169928 -0.389014
-0.77726 0.660563 -1.15468 0.661166 -0.744377 -0.163918 -0.38994
-0.774631 0.662653 -1.16196 0.673694 -0.74798 -0.157967 -0.390858
-0.772034 0.664718 -1.16915 0.68607 -0.75154 -0.152088 -0.391764
-0.769475 0.666752 -1.17624 0.698266 -0.755048 -0.146295 -0.392657
-0.766959 0.668752 -1.18321 0.710255 -0.758496 -0.1406 -0.393535
-0.764493 0.670713 -1.19004 0.722008 -0.761877 -0.135017 -0.394396
-0.762082 0.67263 -1.19672 0.733498 -0.765182 -0.129559 -0.395237
-0.759732 0.674499 -1.20322 0.744698 -0.768403 -0.124239 -0.396057
-0.757449 0.676314 -1.20955 0.755579 -0.771533 -0.11907 -0.396854
-0.755238 0.678072 -1.21567 0.766114 -0.774563 -0.114065 -0.397625
-0.753106 0.679767 -1.22157 0.776275 -0.777486 -0.109239 -0.39837
-0.751058 0.681395 -1.22725 0.786035 -0.780293 -0.104602 -0.399084
-0.7491 0.682952 -1.23267 0.795366 -0.782977 -0.10017 -0.399768
-0.747238 0.684433 -1.23783 0.804241 -0.78553 -0.0959544 -0.400417
-0.745478 0.685832 -1.2427 0.81263 -0.787943 -0.0919691 -0.401032
-0.743825 0.687147 -1.24728 0.820508 -0.790209 -0.088227 -0.401609
-0.742285 0.688371 -1.25154 0.827846 -0.792319 -0.0847413 -0.402146
-0.740864 0.6895 -1.25548 0.834616 -0.794267 -0.0815252 -0.402642
-0.739568 0.690531 -1.25907 0.840792 -0.796043 -0.0785918 -0.403094
-0.738403 0.691457 -1.26229 0.846344 -0.79764 -0.0759543 -0.403501
-0.737375 0.692275 -1.26514 0.851246 -0.79905 -0.0736257 -0.403859
-0.736489 0.692979 -1.2676 0.85547 -0.800265 -0.0716194 -0.404169
-0.73575 0.693566 -1.26964 0.858988 -0.801277 -0.0699483 -0.404426
-0.735166 0.694031 -1.27126 0.861772 -0.802078 -0.0686257 -0.40463
-0.734742 0.694368 -1.27243 0.863795 -0.802659 -0.0676647 -0.404778
-0.734483 0.694574 -1.27315 0.865029 -0.803014 -0.0670784 -0.404869
-0.734395 0.694644 -1.27339 0.865447 -0.803135 -0.0668801 -0.404899
-0.733993 0.694807 -1.27337 0.865858 -0.803076 -0.0664626 -0.404851
-0.732806 0.69529 -1.2733 0.867074 -0.802905 -0.0652284 -0.404708
-0.730861 0.696081 -1.27318 0.869068 -0.802624 -0.0632054 -0.404473
-0.728183 0.69717 -1.27301 0.871812 -0.802237 -0.0604211 -0.40415
-0.724799 0.698545 -1.2728 0.875278 -0.801748 -0.0569032 -0.403741
-0.720737 0.700197 -1.27255 0.879441 -0.801162 -0.0526795 -0.403251
-0.716022 0.702113 -1.27226 0.884271 -0.800481 -0.0477775 -0.402682
-0.710682 0.704285 -1.27193 0.889743 -0.799709 -0.0422251 -0.402038
-0.704742 0.706699 -1.27156 0.895828 -0.798851 -0.0360498 -0.401321
-0.698231 0.709347 -1.27116 0.9025 -0.797911 -0.0292793 -0.400535
-0.691173 0.712216 -1.27072 0.909731 -0.796891 -0.0219414 -0.399683
-0.683596 0.715296 -1.27025 0.917494 -0.795797 -0.0140637 -0.398769
-0.675527 0.718577 -1.26975 0.925761 -0.794632 -0.0056739 -0.397795
-0.666991 0.722047 -1.26922 0.934506 -0.793399 0.00320034 -0.396765
-0.658017 0.725695 -1.26867 0.943701 -0.792102 0.0125313 -0.395682
-0.64863 0.729512 -1.26809 0.953319 -0.790746 0.0222914 -0.394549
-0.638856 0.733485 -1.26748 0.963333 -0.789335 0.0324528 -0.393369
-0.628724 0.737604 -1.26686 0.973714 -0.787871 0.042988 -0.392146
-0.618258 0.741859 -1.26621 0.984437 -0.78636 0.0538691 -0.390883
-0.607486 0.746238 -1.26554 0.995473 -0.784804 0.0650686 -0.389583
-0.596435 0.750731 -1.26486 1.0068 -0.783207 0.0765588 -0.38825
-0.585131 0.755327 -1.26416 1.01838 -0.781575 0.0883119 -0.386886
-0.5736 0.760015 -1.26344 1.03019 -0.779909 0.1003 -0.385494
-0.56187 0.764783 -1.26272 1.04221 -0.778215 0.112496 -0.384078
-0.549967 0.769623 -1.26198 1.05441 -0.776496 0.124872 -0.382642
-0.537917 0.774521 -1.26124 1.06675 -0.774755 0.1374 -0.381188
-0.525748 0.779469 -1.26048 1.07922 -0.772997 0.150053 -0.379719
-0.513485 0.784454 -1.25972 1.09178 -0.771226 0.162803 -0.378239
-0.501156 0.789467 -1.25896 1.10442 -0.769445 0.175622 -0.376751
-0.488787 0.794495 -1.2582 1.11709 -0.767659 0.188482 -0.375258
-0.476404 0.799529 -1.25743 1.12978 -0.76587 0.201356 -0.373764
-0.464035 0.804558 -1.25666 1.14245 -0.764083 0.214217 -0.372271
-0.451706 0.80957 -1.2559 1.15508 -0.762303 0.227036 -0.370783
-0.439443 0.814556 -1.25514 1.16764 -0.760531 0.239785 -0.369303
-0.427274 0.819503 -1.25439 1.18011 -0.758774 0.252438 -0.367835
-0.415224 0.824402 -1.25364 1.19246 -0.757033 0.264966 -0.36638
-0.403321 0.829241 -1.25291 1.20465 -0.755314 0.277342 -0.364944
-0.391591 0.83401 -1.25218 1.21667 -0.75362 0.289538 -0.363528
-0.38006 0.838698 -1.25147 1.22849 -0.751954 0.301527 -0.362137
-0.368756 0.843294 -1.25077 1.24007 -0.750321 0.31328 -0.360772
-0.357705 0.847786 -1.25008 1.25139 -0.748725 0.32477 -0.359439
-0.346933 0.852166 -1.24942 1.26243 -0.747169 0.335969 -0.358139
-0.336468 0.85642 -1.24877 1.27315 -0.745657 0.346851 -0.356876
-0.326335 0.86054 -1.24814 1.28353 -0.744194 0.357386 -0.355653
-0.316562 0.864513 -1.24754 1.29355 -0.742782 0.367547 -0.354473
-0.307174 0.868329 -1.24696 1.30316 -0.741426 0.377307 -0.353341
-0.2982 0.871978 -1.2464 1.31236 -0.74013 0.386638 -0.352257
-0.289665 0.875448 -1.24587 1.3211 -0.738897 0.395512 -0.351227
-0.281595 0.878729 -1.24537 1.32937 -0.737732 0.403902 -0.350254
-0.274018 0.881809 -1.24491 1.33713 -0.736637 0.41178 -0.349339
-0.266961 0.884678 -1.24447 1.34437 -0.735618 0.419118 -0.348487
-0.260449 0.887326 -1.24407 1.35104 -0.734677 0.425888 -0.347702
-0.25451 0.88974 -1.2437 1.35712 -0.733819 0.432064 -0.346985
-0.249169 0.891911 -1.24337 1.36259 -0.733048 0.437616 -0.34634
-0.244455 0.893828 -1.24308 1.36742 -0.732367 0.442518 -0.345771
-0.240392 0.89548 -1.24282 1.37159 -0.73178 0.446742 -0.345281
-0.237009 0.896855 -1.24261 1.37505 -0.731292 0.45026 -0.344873
-0.234331 0.897944 -1.24245 1.3778 -0.730905 0.453044 -0.344549
-0.232385 0.898735 -1.24233 1.37979 -0.730624 0.455067 -0.344315
-0.231198 0.899218 -1.24226 1.38101 -0.730452 0.456301 -0.344171
-0.230796 0.899381 -1.24223 1.38142 -0.730394 0.456719 -0.344123
-0.230395 0.899544 -1.24221 1.38183 -0.730336 0.457136 -0.344074
-0.229208 0.900027 -1.24213 1.38305 -0.730165 0.45837 -0.343931
-0.227262 0.900818 -1.24201 1.38504 -0.729884 0.460393 -0.343696
-0.224584 0.901906 -1.24185 1.38778 -0.729497 0.463178 -0.343373
-0.2212 0.903282 -1.24164 1.39125 -0.729008 0.466696 -0.342965
-0.217138 0.904934 -1.24139 1.39541 -0.728421 0.470919 -0.342475
-0.212423 0.90685 -1.24109 1.40024 -0.72774 0.475821 -0.341906
-0.207083 0.909021 -1.24076 1.40571 -0.726969 0.481374 -0.341261
-0.201144 0.911436 -1.2404 1.4118 -0.726111 0.487549 -0.340544
-0.194632 0.914083 -1.23999 1.41847 -0.725171 0.494319 -0.339758
-0.187574 0.916953 -1.23956 1.4257 -0.724151 0.501657 -0.338907
-0.179997 0.920033 -1.23909 1.43347 -0.723057 0.509535 -0.337992
-0.171928 0.923314 -1.23859 1.44173 -0.721891 0.517925 -0.337018
-0.163393 0.926784 -1.23806 1.45048 -0.720658 0.526799 -0.335988
-0.154418 0.930432 -1.2375 1.45967 -0.719362 0.53613 -0.334905
-0.145031 0.934249 -1.23692 1.46929 -0.718006 0.54589 -0.333772
-0.135258 0.938222 -1.23632 1.4793 -0.716595 0.556052 -0.332593
-0.125125 0.942341 -1.23569 1.48969 -0.715131 0.566587 -0.33137
-0.114659 0.946596 -1.23504 1.50041 -0.713619 0.577468 -0.330107
-0.103888 0.950975 -1.23438 1.51144 -0.712063 0.588667 -0.328807
-0.0928364 0.955468 -1.23369 1.52277 -0.710467 0.600158 -0.327473
-0.0815322 0.960064 -1.23299 1.53435 -0.708834 0.611911 -0.326109
-0.0700017 0.964751 -1.23228 1.54616 -0.707169 0.623899 -0.324718
-0.0582716 0.96952 -1.23155 1.55818 -0.705475 0.636095 -0.323302
-0.0463683 0.97436 -1.23082 1.57038 -0.703755 0.648471 -0.321865
-0.0343187 0.979258 -1.23007 1.58272 -0.702015 0.660999 -0.320411
-0.0221492 0.984206 -1.22932 1.59519 -0.700257 0.673652 -0.318942
-0.00988653 0.989191 -1.22856 1.60776 -0.698486 0.686402 -0.317463
0.00244269 0.994204 -1.2278 1.62039 -0.696705 0.699221 -0.315975
0.0148118 0.999232 -1.22703 1.63306 -0.694918 0.712081 -0.314482
0.0271943 1.00427 -1.22626 1.64575 -0.69313 0.724955 -0.312987
0.0395635 1.00929 -1.2255 1.65842 -0.691343 0.737816 -0.311495
0.0518927 1.01431 -1.22474 1.67105 -0.689562 0.750634 -0.310007
0.0641553 1.01929 -1.22398 1.68362 -0.687791 0.763384 -0.308527
0.0763248 1.02424 -1.22322 1.69608 -0.686033 0.776037 -0.307058
0.0883745 1.02914 -1.22248 1.70843 -0.684293 0.788565 -0.305604
0.100278 1.03398 -1.22174 1.72063 -0.682574 0.800941 -0.304167
0.112008 1.03875 -1.22102 1.73264 -0.680879 0.813137 -0.302752
0.123538 1.04343 -1.2203 1.74446 -0.679214 0.825125 -0.30136
0.134843 1.04803 -1.2196 1.75604 -0.677581 0.836879 -0.299996
0.145894 1.05252 -1.21892 1.76736 -0.675985 0.848369 -0.298662
0.156666 1.0569 -1.21825 1.7784 -0.674429 0.859568 -0.297362
0.167131 1.06116 -1.21761 1.78912 -0.672917 0.870449 -0.296099
0.177264 1.06528 -1.21698 1.7995 -0.671454 0.880985 -0.294876
0.187037 1.06925 -1.21637 1.80952 -0.670042 0.891146 -0.293697
0.196424 1.07307 -1.21579 1.81914 -0.668686 0.900906 -0.292564
0.205399 1.07671 -1.21524 1.82833 -0.66739 0.910237 -0.291481
0.213934 1.08018 -1.21471 1.83708 -0.666157 0.919111 -0.290451
0.222003 1.08347 -1.21421 1.84534 -0.664991 0.927501 -0.289477
0.22958 1.08655 -1.21374 1.85311 -0.663897 0.935379 -0.288563
0.236638 1.08942 -1.2133 1.86034 -0.662878 0.942717 -0.287711
0.24315 1.09206 -1.2129 1.86701 -0.661937 0.949487 -0.286925
0.249089 1.09448 -1.21253 1.87309 -0.661079 0.955662 -0.286208
0.25443 1.09665 -1.2122 1.87857 -0.660308 0.961215 -0.285564
0.259144 1.09856 -1.21191 1.8834 -0.659627 0.966117 -0.284995
0.263207 1.10022 -1.21166 1.88756 -0.65904 0.970341 -0.284504
0.26659 1.10159 -1.21145 1.89102 -0.658551 0.973858 -0.284096
0.269268 1.10268 -1.21128 1.89377 -0.658164 0.976643 -0.283773
0.271214 1.10347 -1.21116 1.89576 -0.657883 0.978666 -0.283538
0.272401 1.10395 -1.21109 1.89698 -0.657712 0.9799 -0.283395
0.272802 1.10412 -1.21107 1.89739 -0.657654 0.980317 -0.283346
0.27322 1.10424 -1.21066 1.89732 -0.657392 0.980588 -0.283233
0.274454 1.10458 -1.20947 1.89711 -0.656617 0.981389 -0.2829
0.276477 1.10516 -1.20752 1.89677 -0.655346 0.982703 -0.282352
0.279261 1.10594 -1.20483 1.8963 -0.653598 0.98451 -0.281599
0.282779 1.10694 -1.20143 1.8957 -0.651388 0.986793 -0.280647
0.287003 1.10813 -1.19736 1.89498 -0.648736 0.989534 -0.279504
0.291905 1.10951 -1.19262 1.89415 -0.645657 0.992716 -0.278178
0.297457 1.11108 -1.18726 1.89321 -0.64217 0.99632 -0.276675
0.303633 1.11283 -1.1813 1.89217 -0.638292 1.00033 -0.275004
0.310403 1.11474 -1.17476 1.89102 -0.63404 1.00472 -0.273173
0.317741 1.11681 -1.16768 1.88978 -0.629432 1.00948 -0.271187
0.325619 1.11904 -1.16007 1.88844 -0.624485 1.0146 -0.269056
0.334009 1.12141 -1.15197 1.88702 -0.619216 1.02004 -0.266786
0.342883 1.12392 -1.1434 1.88552 -0.613642 1.0258 -0.264384
0.352214 1.12656 -1.13439 1.88394 -0.607782 1.03186 -0.26186
0.361974 1.12931 -1.12497 1.88228 -0.601653 1.03819 -0.259219
0.372135 1.13218 -1.11516 1.88056 -0.595272 1.04479 -0.256469
0.382671 1.13516 -1.10499 1.87878 -0.588655 1.05163 -0.253619
0.393552 1.13823 -1.09448 1.87694 -0.581822 1.05869 -0.250675
0.404751 1.1414 -1.08367 1.87504 -0.574788 1.06596 -0.247644
0.416241 1.14465 -1.07258 1.87309 -0.567572 1.07342 -0.244535
0.427994 1.14797 -1.06123 1.8711 -0.560191 1.08104 -0.241355
0.439983 1.15135 -1.04965 1.86907 -0.552662 1.08883 -0.238111
0.452179 1.1548 -1.03788 1.867 -0.545003 1.09674 -0.234811
0.464555 1.1583 -1.02593 1.86491 -0.537231 1.10477 -0.231463
0.477083 1.16184 -1.01383 1.86279 -0.529363 1.11291 -0.228073
0.489736 1.16541 -1.00162 1.86064 -0.521417 1.12112 -0.224649
0.502485 1.16901 -0.989308 1.85848 -0.51341 1.12939 -0.2212
0.515304 1.17264 -0.976931 1.85631 -0.50536 1.13771 -0.217731
0.528165 1.17627 -0.964514 1.85413 -0.497283 1.14606 -0.214252
0.541039 1.17991 -0.952084 1.85195 -0.489198 1.15442 -0.210768
0.553899 1.18354 -0.939668 1.84977 -0.481121 1.16276 -0.207288
0.566718 1.18716 -0.927291 1.8476 -0.473071 1.17108 -0.20382
0.579468 1.19076 -0.914981 1.84544 -0.465064 1.17936 -0.20037
0.592121 1.19434 -0.902765 1.8433 -0.457118 1.18757 -0.196947
0.604649 1.19788 -0.890669 1.84118 -0.44925 1.1957 -0.193557
0.617025 1.20138 -0.87872 1.83908 -0.441478 1.20373 -0.190208
0.629221 1.20482 -0.866945 1.83701 -0.433818 1.21165 -0.186908
0.641209 1.20821 -0.85537 1.83498 -0.42629 1.21943 -0.183664
0.652962 1.21153 -0.844023 1.83299 -0.418908 1.22706 -0.180484
0.664453 1.21478 -0.832929 1.83105 -0.411693 1.23452 -0.177375
0.675652 1.21794 -0.822116 1.82915 -0.404659 1.24179 -0.174345
0.686533 1.22102 -0.81161 1.82731 -0.397826 1.24885 -0.171401
0.697068 1.22399 -0.801439 1.82552 -0.391209 1.25569 -0.16855
0.70723 1.22686 -0.791628 1.8238 -0.384828 1.26228 -0.165801
0.71699 1.22962 -0.782204 1.82215 -0.378698 1.26862 -0.16316
0.726321 1.23226 -0.773195 1.82057 -0.372838 1.27467 -0.160635
0.735195 1.23477 -0.764627 1.81906 -0.367265 1.28043 -0.158234
0.743585 1.23714 -0.756527 1.81764 -0.361996 1.28588 -0.155964
0.751463 1.23936 -0.748921 1.81631 -0.357049 1.29099 -0.153833
0.7588 1.24143 -0.741836 1.81506 -0.352441 1.29575 -0.151847
0.765571 1.24335 -0.735299 1.81392 -0.348189 1.30015 -0.150015
0.771746 1.24509 -0.729337 1.81287 -0.344311 1.30416 -0.148344
0.777299 1.24666 -0.723976 1.81193 -0.340824 1.30776 -0.146842
0.782201 1.24805 -0.719244 1.8111 -0.337745 1.31094 -0.145516
0.786424 1.24924 -0.715166 1.81038 -0.335093 1.31368 -0.144373
0.789942 1.25023 -0.711769 1.80979 -0.332883 1.31597 -0.143421
0.792726 1.25102 -0.709081 1.80932 -0.331135 1.31777 -0.142668
0.79475 1.25159 -0.707128 1.80897 -0.329864 1.31909 -0.14212
0.795984 1.25194 -0.705936 1.80877 -0.329089 1.31989 -0.141786
0.796401 1.25206 -0.705533 1.80869 -0.328827 1.32016 -0.141673
0.796819 1.25218 -0.70513 1.80862 -0.328565 1.32043 -0.14156
0.798053 1.25253 -0.703938 1.80842 -0.32779 1.32123 -0.141226
0.800076 1.2531 -0.701985 1.80807 -0.326519 1.32254 -0.140679
0.80286 1.25388 -0.699297 1.8076 -0.324771 1.32435 -0.139926
0.806378 1.25488 -0.6959 1.807 -0.322561 1.32663 -0.138974
0.810602 1.25607 -0.691822 1.80629 -0.319909 1.32938 -0.137831
0.815504 1.25746 -0.687089 1.80546 -0.31683 1.33256 -0.136505
0.821056 1.25903 -0.681729 1.80452 -0.313343 1.33616 -0.135002
0.827232 1.26077 -0.675766 1.80347 -0.309465 1.34017 -0.133331
0.834002 1.26268 -0.669229 1.80233 -0.305213 1.34456 -0.131499
0.84134 1.26476 -0.662145 1.80108 -0.300605 1.34933 -0.129514
0.849218 1.26698 -0.654539 1.79975 -0.295658 1.35444 -0.127382
0.857607 1.26935 -0.646439 1.79833 -0.290389 1.35988 -0.125112
0.866482 1.27186 -0.63787 1.79682 -0.284816 1.36564 -0.122711
0.875813 1.2745 -0.628861 1.79524 -0.278956 1.3717 -0.120186
0.885573 1.27725 -0.619438 1.79359 -0.272826 1.37804 -0.117546
0.895734 1.28013 -0.609627 1.79187 -0.266445 1.38463 -0.114796
0.906269 1.2831 -0.599456 1.79008 -0.259828 1.39147 -0.111946
0.91715 1.28618 -0.58895 1.78824 -0.252995 1.39853 -0.109001
0.92835 1.28934 -0.578137 1.78634 -0.245961 1.4058 -0.105971
0.93984 1.29259 -0.567043 1.7844 -0.238745 1.41326 -0.102862
0.951593 1.29591 -0.555696 1.78241 -0.231364 1.42089 -0.099682
0.963582 1.2993 -0.544121 1.78038 -0.223835 1.42867 -0.0964382
0.975778 1.30274 -0.532346 1.77831 -0.216176 1.43658 -0.0931383
0.988154 1.30624 -0.520397 1.77621 -0.208404 1.44462 -0.0897896
1.00068 1.30978 -0.508301 1.77409 -0.200536 1.45275 -0.0863998
1.01333 1.31335 -0.496084 1.77195 -0.19259 1.46096 -0.0829763
1.02608 1.31696 -0.483775 1.76979 -0.184583 1.46923 -0.0795265
1.0389 1.32058 -0.471398 1.76762 -0.176533 1.47755 -0.076058
1.05176 1.32421 -0.458981 1.76544 -0.168456 1.4859 -0.0725783
1.06464 1.32785 -0.446551 1.76326 -0.160371 1.49426 -0.0690949
1.0775 1.33148 -0.434135 1.76108 -0.152294 1.5026 -0.0656152
1.09032 1.3351 -0.421758 1.75891 -0.144244 1.51092 -0.0621467
1.10307 1.33871 -0.409448 1.75675 -0.136237 1.5192 -0.0586969
1.11572 1.34228 -0.397232 1.7546 -0.128291 1.52741 -0.0552734
1.12825 1.34582 -0.385136 1.75248 -0.120423 1.53554 -0.0518836
1.14062 1.34932 -0.373187 1.75039 -0.112651 1.54358 -0.0485349
1.15282 1.35276 -0.361412 1.74832 -0.104992 1.55149 -0.045235
1.16481 1.35615 -0.349837 1.74629 -0.0974626 1.55927 -0.0419912
1.17656 1.35947 -0.33849 1.7443 -0.0900815 1.5669 -0.0388111
1.18805 1.36272 -0.327396 1.74235 -0.0828655 1.57436 -0.0357021
1.19925 1.36588 -0.316583 1.74045 -0.0758321 1.58163 -0.0326718
1.21013 1.36896 -0.306077 1.73861 -0.0689986 1.58869 -0.0297277
1.22067 1.37193 -0.295906 1.73683 -0.0623824 1.59553 -0.0268771
1.23083 1.3748 -0.286095 1.73511 -0.0560009 1.60212 -0.0241277
1.24059 1.37756 -0.276671 1.73345 -0.0498714 1.60846 -0.0214868
1.24992 1.3802 -0.267662 1.73187 -0.0440115 1.61451 -0.0189621
1.25879 1.38271 -0.259094 1.73037 -0.0384383 1.62027 -0.0165609
1.26718 1.38508 -0.250994 1.72895 -0.0331694 1.62572 -0.0142908
1.27506 1.3873 -0.243388 1.72761 -0.0282221 1.63083 -0.0121593
1.2824 1.38938 -0.236303 1.72637 -0.0236138 1.6356 -0.0101739
1.28917 1.39129 -0.229767 1.72522 -0.0193619 1.63999 -0.00834194
1.29534 1.39303 -0.223804 1.72418 -0.0154837 1.644 -0.00667106
1.3009 1.3946 -0.218443 1.72324 -0.0119967 1.6476 -0.0051687
1.3058 1.39599 -0.213711 1.72241 -0.00891819 1.65078 -0.00384235
1.31002 1.39718 -0.209633 1.72169 -0.00626562 1.65352 -0.00269951
1.31354 1.39818 -0.206236 1.72109 -0.00405635 1.65581 -0.00174766
1.31633 1.39896 -0.203548 1.72062 -0.00230778 1.65761 -0.000994292
1.31835 1.39953 -0.201595 1.72028 -0.00103727 1.65893 -0.000446901
1.31958 1.39988 -0.200403 1.72007 -0.000262214 1.65973 -0.000112974
