-0.0654059 0.772406 -0.115844 -1.69561 -0.0138246 0.971015 -0.00863286
-0.0649612 0.772402 -0.115894 -1.69561 -0.0144007 0.971059 -0.00824754
-0.0642288 0.772396 -0.115977 -1.69561 -0.0153488 0.97113 -0.00761326
-0.0632139 0.772386 -0.116092 -1.6956 -0.0166626 0.971229 -0.00673429
-0.0619222 0.772371 -0.116239 -1.69559 -0.0183341 0.971353 -0.00561593
-0.06036 0.772351 -0.116416 -1.69557 -0.0203552 0.971503 -0.00426346
-0.058533 0.772325 -0.116623 -1.69553 -0.022718 0.971678 -0.00268221
-0.0564475 0.77229 -0.11686 -1.69549 -0.0254141 0.971875 -0.000877476
-0.0541093 0.772245 -0.117126 -1.69542 -0.0284356 0.972094 0.00114543
-0.0515245 0.772188 -0.11742 -1.69533 -0.0317741 0.972333 0.00338122
-0.0486991 0.772117 -0.117741 -1.69521 -0.0354213 0.972591 0.00582459
-0.0456372 0.772031 -0.11809 -1.69506 -0.0393722 0.972867 0.00847232
-0.0423488 0.771926 -0.118465 -1.69488 -0.0436124 0.973159 0.0113153
-0.0388381 0.771801 -0.118866 -1.69465 -0.0481363 0.973466 0.0143501
-0.0351113 0.771653 -0.119292 -1.69437 -0.0529355 0.973786 0.0175717
-0.0311745 0.77148 -0.119742 -1.69403 -0.0580016 0.974118 0.0209749
-0.027034 0.77128 -0.120217 -1.69364 -0.0633261 0.974461 0.0245546
-0.0226961 0.771049 -0.120715 -1.69318 -0.0689004 0.974812 0.0283058
-0.0181671 0.770786 -0.121235 -1.69266 -0.074716 0.97517 0.0322235
-0.0134534 0.770487 -0.121778 -1.69205 -0.0807644 0.975534 0.0363029
-0.0085613 0.770151 -0.122342 -1.69136 -0.0870368 0.975902 0.040539
-0.00349733 0.769775 -0.122927 -1.69058 -0.0935246 0.976272 0.0449271
0.001732 0.769356 -0.123532 -1.68971 -0.100219 0.976644 0.0494625
0.00712015 0.768892 -0.124157 -1.68874 -0.107112 0.977015 0.0541404
0.0126605 0.76838 -0.1248 -1.68767 -0.114194 0.977384 0.0589564
0.0183464 0.767818 -0.125462 -1.68648 -0.121456 0.977749 0.0639058
0.0241712 0.767205 -0.126141 -1.68518 -0.128891 0.97811 0.0689842
0.0301282 0.766537 -0.126837 -1.68375 -0.136488 0.978465 0.0741872
0.0362104 0.765813 -0.127549 -1.6822 -0.14424 0.978812 0.0795104
0.0424113 0.765031 -0.128276 -1.68053 -0.152137 0.97915 0.0849496
0.0487239 0.764188 -0.129018 -1.67871 -0.160171 0.979478 0.0905004
0.0551413 0.763284 -0.129774 -1.67676 -0.168333 0.979795 0.0961588
0.0616566 0.762316 -0.130544 -1.67467 -0.176614 0.9801 0.10192
0.0682631 0.761283 -0.131326 -1.67243 -0.185006 0.980391 0.107781
0.0749536 0.760183 -0.132119 -1.67005 -0.193499 0.980668 0.113737
0.0817214 0.759016 -0.132924 -1.66751 -0.202086 0.98093 0.119785
0.0885595 0.757781 -0.133739 -1.66482 -0.210757 0.981175 0.125919
0.095461 0.756475 -0.134564 -1.66198 -0.219504 0.981404 0.132136
0.102419 0.7551 -0.135398 -1.65898 -0.228318 0.981615 0.138432
0.109427 0.753653 -0.136239 -1.65582 -0.237191 0.981807 0.144803
0.116477 0.752135 -0.137088 -1.6525 -0.246115 0.981981 0.151246
0.123563 0.750545 -0.137944 -1.64902 -0.25508 0.982135 0.157755
0.130678 0.748884 -0.138806 -1.64539 -0.264079 0.98227 0.164327
0.137816 0.747151 -0.139672 -1.64159 -0.273103 0.982384 0.170957
0.14497 0.745346 -0.140544 -1.63764 -0.282145 0.982477 0.177642
0.152133 0.743471 -0.141419 -1.63352 -0.291195 0.982551 0.184378
0.159299 0.741524 -0.142296 -1.62925 -0.300248 0.982601 0.191161
0.16646 0.739509 -0.143177 -1.62483 -0.309293 0.982632 0.197985
0.173611 0.737426 -0.144059 -1.62026 -0.318324 0.982642 0.204846
0.180746 0.735276 -0.144941 -1.61554 -0.327332 0.982632 0.21174
0.187857 0.73306 -0.145824 -1.61068 -0.336311 0.9826 0.218663
0.19494 0.730781 -0.146706 -1.60568 -0.345252 0.982549 0.22561
0.201988 0.728439 -0.147588 -1.60054 -0.354149 0.982477 0.232575
0.208995 0.726037 -0.148467 -1.59527 -0.362994 0.982385 0.239556
0.215955 0.723578 -0.149344 -1.58987 -0.37178 0.982273 0.246545
0.222862 0.721063 -0.150218 -1.58435 -0.3805 0.982143 0.253539
0.229712 0.718495 -0.151087 -1.57872 -0.389148 0.981993 0.260532
0.236497 0.715878 -0.151953 -1.57298 -0.397716 0.981826 0.267518
0.243214 0.713214 -0.152813 -1.56713 -0.406197 0.981641 0.274493
0.249856 0.710506 -0.153668 -1.5612 -0.414587 0.981439 0.281451
0.256419 0.707759 -0.154516 -1.55518 -0.422877 0.981221 0.288386
0.262897 0.704975 -0.155357 -1.54908 -0.431061 0.980987 0.295292
0.269285 0.702158 -0.15619 -1.5429 -0.439135 0.980739 0.302163
0.275578 0.699313 -0.157015 -1.53667 -0.447091 0.980477 0.308994
0.281773 0.696443 -0.157831 -1.53039 -0.454923 0.980201 0.315777
0.287863 0.693554 -0.158638 -1.52407 -0.462626 0.979914 0.322506
0.293845 0.690649 -0.159434 -1.51771 -0.470194 0.979615 0.329175
0.299713 0.687734 -0.16022 -1.51134 -0.477621 0.979306 0.335777
0.305464 0.684813 -0.160994 -1.50495 -0.484903 0.978987 0.342304
0.311094 0.681892 -0.161756 -1.49857 -0.492032 0.978661 0.348751
0.316597 0.678975 -0.162505 -1.4922 -0.499004 0.978327 0.355109
0.321969 0.676069 -0.16324 -1.48585 -0.505814 0.977986 0.361371
0.327208 0.673179 -0.163961 -1.47954 -0.512456 0.977641 0.36753
0.332308 0.67031 -0.164667 -1.47329 -0.518925 0.977292 0.373577
0.337265 0.667468 -0.165358 -1.46709 -0.525216 0.97694 0.379506
0.342076 0.664661 -0.166032 -1.46097 -0.531324 0.976587 0.385307
0.346737 0.661892 -0.166689 -1.45493 -0.537243 0.976233 0.390973
0.351243 0.65917 -0.167328 -1.449 -0.542969 0.975881 0.396496
0.355592 0.6565 -0.167948 -1.44319 -0.548496 0.97553 0.401867
0.359778 0.653889 -0.168548 -1.4375 -0.55382 0.975183 0.407078
0.363799 0.651343 -0.169128 -1.43196 -0.558936 0.974841 0.41212
0.367651 0.648869 -0.169687 -1.42658 -0.563838 0.974505 0.416984
0.371329 0.646473 -0.170223 -1.42137 -0.568521 0.974177 0.421661
0.37483 0.644162 -0.170737 -1.41634 -0.572981 0.973857 0.426143
0.378151 0.641943 -0.171226 -1.41152 -0.577213 0.973547 0.430421
0.381286 0.639823 -0.171691 -1.40691 -0.58121 0.973249 0.434486
0.384234 0.637808 -0.17213 -1.40254 -0.584968 0.972963 0.438329
0.386988 0.635905 -0.172542 -1.3984 -0.588483 0.972691 0.441941
0.389547 0.63412 -0.172926 -1.39453 -0.591748 0.972435 0.445312
0.391905 0.63246 -0.173282 -1.39092 -0.594759 0.972195 0.448435
0.394059 0.630931 -0.173608 -1.38761 -0.597509 0.971973 0.451299
0.396005 0.62954 -0.173904 -1.38459 -0.599994 0.97177 0.453897
0.397738 0.628292 -0.174169 -1.38188 -0.602209 0.971587 0.45622
0.399255 0.627194 -0.174401 -1.3795 -0.604147 0.971426 0.458259
0.400551 0.626251 -0.174599 -1.37745 -0.605803 0.971286 0.460006
0.401621 0.62547 -0.174764 -1.37576 -0.60717 0.971173 0.461451
0.402461 0.624853 -0.174894 -1.37442 -0.608245 0.971081 0.462589
0.403068 0.624407 -0.174987 -1.37345 -0.609021 0.971014 0.463412
0.403435 0.624136 -0.175044 -1.37286 -0.609491 0.970974 0.463911
0.403558 0.624046 -0.175063 -1.37267 -0.609648 0.970961 0.464077
0.403553 0.624218 -0.175074 -1.37267 -0.609744 0.970832 0.464206
0.403536 0.624738 -0.175108 -1.37269 -0.61003 0.970449 0.464588
0.403508 0.625594 -0.175164 -1.37273 -0.610502 0.969819 0.465216
0.40347 0.626779 -0.175241 -1.37277 -0.611158 0.968944 0.466089
0.403421 0.628285 -0.175338 -1.37282 -0.611996 0.967828 0.467204
0.403364 0.630103 -0.175454 -1.37287 -0.613013 0.966477 0.468556
0.403297 0.632225 -0.175588 -1.37292 -0.614209 0.964893 0.470143
0.403223 0.634642 -0.175739 -1.37297 -0.615582 0.96308 0.471964
0.403142 0.637344 -0.175905 -1.373 -0.617135 0.961039 0.47402
0.403053 0.640322 -0.176085 -1.37302 -0.618863 0.958777 0.476303
0.40296 0.643566 -0.176277 -1.37301 -0.620766 0.956296 0.478814
0.402861 0.647066 -0.17648 -1.37298 -0.622847 0.953599 0.481554
0.402759 0.650813 -0.176692 -1.37291 -0.625104 0.950688 0.48452
0.402654 0.654796 -0.176911 -1.37279 -0.62754 0.947568 0.487714
0.402547 0.659005 -0.177136 -1.37263 -0.630154 0.94424 0.491134
0.402439 0.66343 -0.177364 -1.3724 -0.632949 0.940708 0.49478
0.402332 0.66806 -0.177593 -1.37212 -0.635925 0.936975 0.498654
0.402227 0.672884 -0.177822 -1.37176 -0.639085 0.933044 0.502756
0.402124 0.677892 -0.178048 -1.37132 -0.64243 0.928919 0.507086
0.402026 0.683073 -0.178269 -1.37079 -0.645962 0.924602 0.511646
0.401933 0.688415 -0.178482 -1.37016 -0.649684 0.920098 0.516435
0.401847 0.693909 -0.178686 -1.36943 -0.653597 0.915409 0.521457
0.401769 0.699541 -0.178877 -1.36859 -0.657706 0.910539 0.526713
0.4017 0.705303 -0.179055 -1.36763 -0.662011 0.905494 0.532203
0.401641 0.711184 -0.179216 -1.36655 -0.666515 0.900277 0.537928
0.401594 0.717171 -0.179357 -1.36533 -0.671222 0.894892 0.543891
0.401561 0.723255 -0.179477 -1.36397 -0.676135 0.889345 0.550094
0.401542 0.729424 -0.179573 -1.36247 -0.681256 0.883641 0.556539
0.401539 0.735667 -0.179643 -1.36081 -0.686589 0.877783 0.563228
0.401554 0.741974 -0.179684 -1.359 -0.692138 0.871778 0.570164
0.401587 0.748333 -0.179694 -1.35702 -0.697905 0.865632 0.577347
0.40164 0.754734 -0.17967 -1.35487 -0.703893 0.859351 0.584782
0.401714 0.761166 -0.179611 -1.35254 -0.710107 0.85294 0.59247
0.40181 0.767619 -0.179514 -1.35003 -0.71655 0.846407 0.600413
0.40193 0.774083 -0.179377 -1.34734 -0.723225 0.839758 0.608614
0.402074 0.780547 -0.179199 -1.34446 -0.730136 0.833001 0.617077
0.402245 0.787001 -0.178978 -1.34139 -0.737286 0.826143 0.625802
0.402441 0.793436 -0.178711 -1.33812 -0.744678 0.819191 0.634793
0.402665 0.799842 -0.178398 -1.33465 -0.752316 0.812154 0.644053
0.402917 0.806208 -0.178038 -1.33098 -0.760203 0.80504 0.653583
0.403198 0.812527 -0.177628 -1.3271 -0.768343 0.797858 0.663385
0.403508 0.818789 -0.17717 -1.32303 -0.776737 0.790616 0.673464
0.403848 0.824985 -0.176662 -1.31874 -0.785389 0.783324 0.683819
0.404217 0.831107 -0.176104 -1.31425 -0.794302 0.775991 0.694454
0.404616 0.837147 -0.175496 -1.30956 -0.803478 0.768627 0.705371
0.405044 0.843096 -0.17484 -1.30466 -0.812918 0.761242 0.71657
0.405502 0.848947 -0.174135 -1.29955 -0.822624 0.753846 0.728053
0.405988 0.854693 -0.173384 -1.29424 -0.832598 0.746449 0.739822
0.406502 0.860325 -0.172587 -1.28873 -0.842844 0.739061 0.75188
0.407042 0.86584 -0.171748 -1.28302 -0.853355 0.731696 0.764221
0.407607 0.87123 -0.17087 -1.27712 -0.864134 0.724363 0.776848
0.408196 0.876488 -0.169956 -1.27102 -0.875179 0.717074 0.789759
0.408807 0.88161 -0.169009 -1.26474 -0.886489 0.709839 0.802955
0.409437 0.886589 -0.168034 -1.25828 -0.898062 0.702672 0.816431
0.410083 0.891422 -0.167036 -1.25163 -0.909892 0.695582 0.830186
0.410744 0.896105 -0.166022 -1.24482 -0.921975 0.688583 0.844216
0.411417 0.900632 -0.164996 -1.23784 -0.934306 0.681687 0.858515
0.412096 0.905 -0.163967 -1.2307 -0.946877 0.674904 0.873078
0.412781 0.909207 -0.16294 -1.22341 -0.959678 0.668248 0.887897
0.413465 0.91325 -0.161925 -1.21598 -0.9727 0.66173 0.902964
0.414146 0.917126 -0.16093 -1.20841 -0.985932 0.655361 0.918269
0.414819 0.920833 -0.159963 -1.20072 -0.999358 0.649153 0.933799
0.41548 0.924371 -0.159033 -1.19291 -1.01296 0.643119 0.949542
0.416124 0.927738 -0.15815 -1.185 -1.02673 0.637267 0.965483
0.416748 0.930934 -0.157324 -1.17699 -1.04065 0.63161 0.981603
0.417345 0.933959 -0.156563 -1.1689 -1.05468 0.626156 0.997884
0.417913 0.936813 -0.155878 -1.16075 -1.06882 0.620916 1.0143
0.418447 0.939498 -0.155276 -1.15253 -1.08303 0.615897 1.03084
0.418943 0.942014 -0.154767 -1.14427 -1.09728 0.611108 1.04746
0.419398 0.944365 -0.154358 -1.13598 -1.11155 0.606555 1.06415
0.419808 0.946552 -0.154057 -1.12768 -1.12582 0.602243 1.08087
0.420171 0.948578 -0.153869 -1.11937 -1.14003 0.598178 1.09758
0.420485 0.950447 -0.153799 -1.11108 -1.15417 0.594361 1.11426
0.420748 0.952162 -0.15385 -1.10283 -1.1682 0.590795 1.13087
0.42096 0.953728 -0.154024 -1.09462 -1.18207 0.58748 1.14736
0.42112 0.95515 -0.154321 -1.08649 -1.19576 0.584414 1.1637
0.421229 0.95643 -0.154739 -1.07843 -1.20924 0.581594 1.17985
0.421289 0.957579 -0.155276 -1.07048 -1.22246 0.579016 1.19577
0.421301 0.9586 -0.155925 -1.06266 -1.23537 0.576675 1.2114
0.421268 0.9595 -0.15668 -1.05499 -1.24796 0.574563 1.2267
0.421194 0.960286 -0.157533 -1.04748 -1.26019 0.572671 1.24164
0.421082 0.960965 -0.158472 -1.04015 -1.27202 0.570989 1.25617
0.420936 0.961544 -0.159486 -1.03304 -1.28341 0.569506 1.27024
0.420761 0.96203 -0.160562 -1.02615 -1.29435 0.56821 1.28381
0.420563 0.962432 -0.161686 -1.01952 -1.30479 0.567089 1.29684
0.420345 0.962758 -0.162844 -1.01316 -1.31471 0.566128 1.30928
0.420114 0.963015 -0.164019 -1.0071 -1.32409 0.565315 1.32109
0.419874 0.963211 -0.165196 -1.00136 -1.33289 0.564634 1.33224
0.419631 0.963355 -0.166358 -0.995958 -1.3411 0.564073 1.34268
0.41939 0.963454 -0.16749 -0.990923 -1.34869 0.563616 1.35239
0.419154 0.963516 -0.168574 -0.986274 -1.35564 0.563251 1.36131
0.418929 0.963549 -0.169597 -0.982035 -1.36194 0.562965 1.36942
0.41872 0.963561 -0.170542 -0.97823 -1.36755 0.562744 1.37668
0.418529 0.963554 -0.171396 -0.97487 -1.37247 0.562579 1.38307
0.418361 0.963537 -0.172146 -0.971979 -1.37668 0.562458 1.38855
0.418218 0.963515 -0.17278 -0.969577 -1.38016 0.562372 1.39309
0.418103 0.963492 -0.173287 -0.967682 -1.3829 0.562314 1.39667
0.418019 0.963473 -0.173658 -0.96631 -1.38488 0.562277 1.39926
0.417968 0.96346 -0.173885 -0.965476 -1.38607 0.562256 1.40082
0.41795 0.963457 -0.173961 -0.965199 -1.38647 0.56225 1.40135
0.417825 0.963601 -0.173925 -0.965428 -1.38636 0.562126 1.40116
0.417453 0.964038 -0.173816 -0.966128 -1.386 0.561759 1.40059
0.416839 0.964757 -0.173637 -0.967279 -1.38541 0.561153 1.39965
0.415987 0.965751 -0.173389 -0.96887 -1.38458 0.560313 1.39834
0.414903 0.967012 -0.173075 -0.970887 -1.38354 0.559243 1.39668
0.413591 0.968532 -0.172697 -0.973316 -1.38227 0.557948 1.39467
0.412055 0.970301 -0.172257 -0.976141 -1.38078 0.556432 1.39232
0.410301 0.97231 -0.171757 -0.979346 -1.37907 0.5547 1.38965
0.408333 0.97455 -0.171201 -0.982914 -1.37715 0.552756 1.38666
0.406154 0.97701 -0.17059 -0.986828 -1.37502 0.550605 1.38335
0.40377 0.97968 -0.169928 -0.99107 -1.37268 0.54825 1.37975
0.401184 0.98255 -0.169218 -0.995622 -1.37013 0.545696 1.37585
0.398401 0.985609 -0.168462 -1.00047 -1.36737 0.542946 1.37167
0.395424 0.988846 -0.167663 -1.00558 -1.36441 0.540007 1.36721
0.392258 0.99225 -0.166826 -1.01096 -1.36124 0.53688 1.36249
0.388906 0.995812 -0.165952 -1.01656 -1.35787 0.533572 1.3575
0.385371 0.999521 -0.165045 -1.0224 -1.35429 0.530087 1.35225
0.381658 1.00336 -0.16411 -1.02842 -1.35051 0.526428 1.34676
0.377769 1.00733 -0.16315 -1.03463 -1.34652 0.522601 1.34104
0.373709 1.01141 -0.162168 -1.041 -1.34232 0.51861 1.33508
0.369479 1.01559 -0.161169 -1.04751 -1.33792 0.51446 1.32889
0.365083 1.01987 -0.160157 -1.05416 -1.33331 0.510157 1.32248
0.360524 1.02422 -0.159136 -1.06091 -1.32849 0.505705 1.31585
0.355804 1.02865 -0.158111 -1.06776 -1.32345 0.50111 1.309
0.350926 1.03315 -0.157088 -1.07469 -1.31819 0.496377 1.30195
0.345891 1.03769 -0.156071 -1.08168 -1.31272 0.491513 1.29469
0.340703 1.04228 -0.155066 -1.08872 -1.30702 0.486523 1.28722
0.335362 1.04689 -0.154079 -1.09579 -1.30109 0.481415 1.27955
0.329871 1.05154 -0.153117 -1.10288 -1.29493 0.476193 1.27169
0.32423 1.0562 -0.152186 -1.10997 -1.28854 0.470867 1.26363
0.31844 1.06086 -0.151295 -1.11706 -1.28191 0.465442 1.25537
0.312504 1.06552 -0.15045 -1.12413 -1.27503 0.459926 1.24691
0.30642 1.07017 -0.14966 -1.13116 -1.26791 0.454328 1.23827
0.300189 1.0748 -0.148934 -1.13814 -1.26053 0.448656 1.22943
0.293812 1.0794 -0.148282 -1.14507 -1.25289 0.442918 1.2204
0.287287 1.08397 -0.147713 -1.15194 -1.245 0.437123 1.21119
0.280614 1.0885 -0.147239 -1.15872 -1.23683 0.431281 1.20178
0.273792 1.09298 -0.146871 -1.16542 -1.2284 0.425402 1.19219
0.26682 1.0974 -0.14662 -1.17202 -1.2197 0.419494 1.18242
0.259697 1.10176 -0.146499 -1.17852 -1.21073 0.413569 1.17246
0.25242 1.10604 -0.146521 -1.1849 -1.20147 0.407638 1.16233
0.244988 1.11026 -0.146699 -1.19116 -1.19195 0.40171 1.15203
0.237399 1.11439 -0.147046 -1.19729 -1.18215 0.395796 1.14156
0.22965 1.11843 -0.147576 -1.20329 -1.17207 0.389908 1.13093
0.221741 1.12238 -0.148304 -1.20914 -1.16173 0.384056 1.12015
0.213668 1.12623 -0.149242 -1.21485 -1.15112 0.378251 1.10922
0.20543 1.12997 -0.150404 -1.2204 -1.14026 0.372504 1.09817
0.197026 1.13361 -0.151803 -1.2258 -1.12915 0.366825 1.08699
0.188455 1.13713 -0.153451 -1.23103 -1.1178 0.361224 1.07571
0.179717 1.14054 -0.155358 -1.2361 -1.10622 0.35571 1.06433
0.170813 1.14383 -0.157534 -1.24099 -1.09444 0.350292 1.05288
0.161744 1.14699 -0.159988 -1.24571 -1.08246 0.344978 1.04137
0.152512 1.15002 -0.162726 -1.25026 -1.0703 0.339776 1.02982
0.143122 1.15292 -0.165753 -1.25462 -1.05799 0.334691 1.01825
0.133579 1.15568 -0.169072 -1.25881 -1.04555 0.32973 1.00669
0.123888 1.15831 -0.172682 -1.26281 -1.03299 0.324898 0.995146
0.114058 1.1608 -0.176581 -1.26663 -1.02035 0.320197 0.983648
0.104098 1.16315 -0.180766 -1.27027 -1.00765 0.31563 0.972217
0.0940187 1.16536 -0.185231 -1.27372 -0.994907 0.311199 0.960874
0.0838317 1.16743 -0.189965 -1.27699 -0.982155 0.306906 0.94964
0.0735507 1.16935 -0.194958 -1.28008 -0.969418 0.30275 0.938537
0.0631904 1.17113 -0.200197 -1.28298 -0.956721 0.29873 0.927584
0.0527664 1.17277 -0.205668 -1.28571 -0.94409 0.294846 0.9168
0.0422958 1.17426 -0.211353 -1.28826 -0.931549 0.291095 0.906203
0.0317962 1.17562 -0.217234 -1.29064 -0.919122 0.287475 0.895811
0.0212862 1.17684 -0.223292 -1.29284 -0.906831 0.283984 0.885638
0.010785 1.17792 -0.229507 -1.29488 -0.894698 0.280618 0.875699
0.000312303 1.17887 -0.235857 -1.29675 -0.882744 0.277374 0.866007
-0.0101119 1.17969 -0.24232 -1.29847 -0.870988 0.274249 0.856573
-0.0204672 1.18038 -0.248874 -1.30003 -0.859449 0.271241 0.847408
-0.0307333 1.18095 -0.255495 -1.30144 -0.848143 0.268345 0.838521
-0.0408897 1.18141 -0.262162 -1.30271 -0.837088 0.265558 0.829919
-0.050916 1.18175 -0.26885 -1.30384 -0.826297 0.262878 0.821609
-0.0607921 1.18199 -0.275537 -1.30484 -0.815785 0.260301 0.813596
-0.0704982 1.18213 -0.282201 -1.30571 -0.805565 0.257826 0.805885
-0.0800145 1.18218 -0.288818 -1.30647 -0.795648 0.255449 0.79848
-0.089322 1.18214 -0.295367 -1.30711 -0.786046 0.253169 0.791382
-0.0984019 1.18202 -0.301827 -1.30765 -0.776769 0.250983 0.784594
-0.107236 1.18183 -0.308176 -1.30809 -0.767826 0.248891 0.778116
-0.115806 1.18158 -0.314394 -1.30845 -0.759227 0.246891 0.771948
-0.124095 1.18127 -0.320461 -1.30872 -0.75098 0.244981 0.766092
-0.132087 1.1809 -0.326358 -1.30892 -0.743093 0.243161 0.760544
-0.139764 1.1805 -0.332066 -1.30905 -0.735574 0.241432 0.755306
-0.147112 1.18006 -0.337567 -1.30912 -0.728429 0.239792 0.750374
-0.154114 1.1796 -0.342843 -1.30914 -0.721665 0.238241 0.745748
-0.160757 1.17912 -0.347878 -1.30912 -0.715288 0.236781 0.741425
-0.167026 1.17863 -0.352655 -1.30906 -0.709306 0.235412 0.737403
-0.172907 1.17814 -0.357159 -1.30897 -0.703725 0.234134 0.733681
-0.178387 1.17765 -0.361375 -1.30885 -0.69855 0.232948 0.730257
-0.183447 1.17718 -0.365282 -1.30872 -0.693794 0.231853 0.727133
-0.188087 1.17672 -0.368879 -1.30858 -0.689451 0.230857 0.724299
-0.192286 1.17629 -0.372147 -1.30844 -0.685533 0.229957 0.721758
-0.196035 1.17589 -0.375072 -1.3083 -0.682047 0.229156 0.719511
-0.19932 1.17554 -0.377643 -1.30816 -0.679001 0.228455 0.717556
-0.202131 1.17522 -0.379846 -1.30804 -0.676401 0.227856 0.715896
-0.204456 1.17496 -0.381672 -1.30793 -0.674254 0.227361 0.71453
-0.206283 1.17475 -0.383109 -1.30784 -0.67257 0.226972 0.71346
-0.207602 1.17459 -0.384148 -1.30778 -0.671355 0.226692 0.712691
-0.208401 1.1745 -0.384778 -1.30774 -0.670619 0.226522 0.712226
-0.208669 1.17446 -0.384988 -1.30772 -0.670373 0.226464 0.712071
-0.208871 1.17437 -0.385353 -1.30794 -0.670004 0.226761 0.711844
-0.209478 1.17411 -0.386445 -1.30857 -0.668897 0.227649 0.711165
-0.21047 1.17367 -0.388229 -1.30961 -0.667082 0.229109 0.710049
-0.211831 1.17306 -0.390678 -1.31105 -0.664575 0.231125 0.708504
-0.213542 1.17227 -0.393757 -1.31287 -0.6614 0.233682 0.706543
-0.215582 1.17132 -0.397425 -1.31507 -0.657584 0.236762 0.704176
-0.217926 1.17021 -0.401638 -1.31764 -0.653153 0.240345 0.701419
-0.220549 1.16893 -0.40635 -1.32055 -0.648138 0.244411 0.698285
-0.223424 1.16748 -0.411511 -1.3238 -0.642571 0.248942 0.694791
-0.226523 1.16586 -0.417074 -1.32738 -0.636482 0.253917 0.690952
-0.22982 1.16409 -0.422987 -1.33126 -0.629907 0.259317 0.686788
-0.233287 1.16215 -0.429201 -1.33545 -0.622879 0.265121 0.682316
-0.236897 1.16004 -0.435668 -1.33991 -0.615434 0.271311 0.677558
-0.240624 1.15778 -0.442341 -1.34465 -0.607605 0.277868 0.672532
-0.244442 1.15535 -0.449174 -1.34963 -0.599428 0.284773 0.667262
-0.248328 1.15276 -0.456125 -1.35486 -0.590936 0.29201 0.661768
-0.25226 1.15 -0.463152 -1.36031 -0.582165 0.299561 0.656072
-0.256214 1.14709 -0.470218 -1.36597 -0.573145 0.307411 0.650197
-0.260173 1.14401 -0.477288 -1.37183 -0.56391 0.315544 0.644165
-0.264116 1.14077 -0.484329 -1.37786 -0.554489 0.323946 0.637998
-0.268028 1.13737 -0.491312 -1.38407 -0.544911 0.332602 0.631716
-0.271892 1.13381 -0.498211 -1.39042 -0.535204 0.341499 0.625342
-0.275696 1.13009 -0.505 -1.39691 -0.525394 0.350624 0.618894
-0.279425 1.12621 -0.511658 -1.40353 -0.515504 0.359965 0.612394
-0.28307 1.12217 -0.518167 -1.41026 -0.505558 0.36951 0.605858
-0.28662 1.11797 -0.524509 -1.41708 -0.495576 0.379248 0.599305
-0.290067 1.11361 -0.530671 -1.42398 -0.485578 0.389168 0.592752
-0.293403 1.1091 -0.53664 -1.43095 -0.47558 0.399258 0.586215
-0.296622 1.10442 -0.542406 -1.43798 -0.4656 0.409509 0.579707
-0.299718 1.09958 -0.547959 -1.44504 -0.455651 0.41991 0.573242
-0.302688 1.09459 -0.553293 -1.45214 -0.445746 0.430452 0.566834
-0.305527 1.08944 -0.558403 -1.45925 -0.435898 0.441123 0.560493
-0.308234 1.08414 -0.563284 -1.46636 -0.426115 0.451915 0.55423
-0.310804 1.07868 -0.567931 -1.47346 -0.416412 0.462815 0.548057
-0.313241 1.07306 -0.572347 -1.48054 -0.406786 0.473819 0.541977
-0.315541 1.0673 -0.57653 -1.48759 -0.397251 0.484914 0.536
-0.317706 1.06138 -0.580478 -1.4946 -0.387811 0.49609 0.530132
-0.319735 1.05532 -0.584193 -1.50155 -0.378471 0.507339 0.52438
-0.321629 1.04911 -0.587678 -1.50843 -0.369236 0.518649 0.518749
-0.323391 1.04275 -0.590933 -1.51524 -0.360108 0.530011 0.513241
-0.325022 1.03626 -0.593963 -1.52196 -0.351091 0.541416 0.507862
-0.326524 1.02963 -0.59677 -1.52858 -0.342187 0.552854 0.502612
-0.327899 1.02286 -0.599358 -1.5351 -0.333397 0.564315 0.497495
-0.329152 1.01596 -0.601733 -1.54151 -0.324723 0.575788 0.492512
-0.330285 1.00894 -0.603898 -1.5478 -0.316164 0.587265 0.487663
-0.331301 1.0018 -0.605859 -1.55396 -0.307723 0.598735 0.482948
-0.332204 0.994537 -0.60762 -1.55998 -0.299399 0.610187 0.478368
-0.332997 0.987165 -0.609188 -1.56586 -0.291193 0.621614 0.473922
-0.333685 0.979688 -0.610567 -1.57159 -0.283103 0.633003 0.469608
-0.334271 0.972111 -0.611765 -1.57716 -0.275132 0.644346 0.465426
-0.33476 0.964442 -0.612786 -1.58257 -0.267277 0.655633 0.461374
-0.335155 0.956687 -0.613637 -1.58782 -0.25954 0.666854 0.45745
-0.33546 0.948853 -0.614325 -1.5929 -0.251919 0.677999 0.453651
-0.33568 0.940949 -0.614855 -1.59781 -0.244416 0.689059 0.449975
-0.335819 0.932981 -0.615235 -1.60254 -0.23703 0.700024 0.44642
-0.335881 0.924958 -0.61547 -1.60709 -0.22976 0.710885 0.442983
-0.335871 0.916888 -0.615568 -1.61147 -0.222609 0.721633 0.439662
-0.335792 0.908781 -0.615535 -1.61565 -0.215575 0.732259 0.436453
-0.335647 0.900646 -0.615376 -1.61966 -0.208661 0.742751 0.433355
-0.335444 0.892492 -0.615101 -1.62348 -0.201864 0.753107 0.430361
-0.335184 0.884329 -0.614715 -1.62711 -0.195186 0.763314 0.427471
-0.334873 0.876166 -0.614225 -1.63057 -0.18863 0.773365 0.424682
-0.334513 0.868014 -0.613638 -1.63384 -0.182195 0.783252 0.42199
-0.334109 0.859884 -0.61296 -1.63692 -0.175884 0.792968 0.419393
-0.333665 0.851785 -0.612199 -1.63983 -0.169697 0.802504 0.416888
-0.333184 0.843728 -0.61136 -1.64256 -0.163637 0.811854 0.414472
-0.332671 0.835724 -0.610451 -1.64512 -0.157704 0.82101 0.412142
-0.332128 0.827785 -0.609479 -1.64751 -0.151902 0.829967 0.409897
-0.33156 0.81992 -0.608449 -1.64973 -0.146232 0.838717 0.407733
-0.330969 0.812141 -0.607369 -1.65178 -0.140696 0.847254 0.405649
-0.33036 0.804459 -0.606245 -1.65368 -0.135296 0.855574 0.403642
-0.329735 0.796886 -0.605083 -1.65543 -0.130035 0.86367 0.40171
-0.329098 0.789432 -0.603891 -1.65702 -0.124916 0.871536 0.399852
-0.328452 0.782109 -0.602673 -1.65847 -0.119941 0.879169 0.398065
-0.3278 0.774928 -0.601437 -1.65979 -0.115112 0.886562 0.396349
-0.327145 0.7679 -0.600189 -1.66098 -0.110433 0.893712 0.394701
-0.32649 0.761036 -0.598934 -1.66204 -0.105906 0.900614 0.39312
-0.325838 0.754348 -0.597678 -1.66298 -0.101534 0.907264 0.391607
-0.325191 0.747846 -0.596428 -1.66382 -0.0973205 0.913659 0.390158
-0.324552 0.741541 -0.595189 -1.66455 -0.093268 0.919793 0.388775
-0.323925 0.735445 -0.593966 -1.66518 -0.0893797 0.925664 0.387456
-0.32331 0.729569 -0.592765 -1.66572 -0.0856588 0.931268 0.3862
-0.322711 0.723922 -0.591592 -1.66618 -0.0821082 0.936601 0.385008
-0.322131 0.718516 -0.590451 -1.66657 -0.0787313 0.941661 0.38388
-0.321571 0.713362 -0.589347 -1.66688 -0.0755312 0.946443 0.382814
-0.321034 0.708469 -0.588286 -1.66714 -0.0725113 0.950945 0.381813
-0.320522 0.703848 -0.587272 -1.66734 -0.0696748 0.955164 0.380875
-0.320037 0.69951 -0.586309 -1.66749 -0.0670252 0.959095 0.380001
-0.319581 0.695465 -0.585403 -1.6676 -0.0645658 0.962736 0.379191
-0.319156 0.691722 -0.584557 -1.66768 -0.0623001 0.966083 0.378447
-0.318765 0.688291 -0.583776 -1.66773 -0.0602318 0.969133 0.377769
-0.318407 0.685183 -0.583063 -1.66776 -0.0583643 0.971882 0.377157
-0.318087 0.682406 -0.582422 -1.66777 -0.0567015 0.974325 0.376614
-0.317804 0.679973 -0.581858 -1.66777 -0.0552492 0.976458 0.376139
-0.317562 0.677888 -0.581372 -1.66776 -0.0540067 0.978278 0.375733
-0.31736 0.676162 -0.580968 -1.66774 -0.0529805 0.979779 0.375399
-0.317201 0.674804 -0.580649 -1.66773 -0.0521747 0.980957 0.375136
-0.317086 0.673824 -0.580419 -1.66771 -0.0515935 0.981806 0.374946
-0.317017 0.673229 -0.580279 -1.66771 -0.0512413 0.98232 0.374831
-0.316993 0.673031 -0.580232 -1.6677 -0.0511242 0.982492 0.374793
